362404383
270238426
279766083


236892574
55503347
364781659
159635508
308662220
62339527
85289201
260622003
290905052
266566137
38764707
236402903
107177730
184611278
310197228
326419593
288963025
142504852
31118373
302278910
58290222
22146524
53501433
231923012
333524629
292003818
170766011
369282905
212628518
187109912
130420861
69251077
243021570
168612318
199038358
147688667
231037110
197130882
214583555
148355276
49689113
299868772
190622220
103413054
316589620
89221161
274474712
222637462
249041506
163168929
325073791
236851779
344974106
182628636
87358185
329315250
216598931
39488617
71801762
137395868
307733790
255545538
217687920
210839319
167668301
166820188
225545239
137358773
278215906
254912711
238923896
49859122
292921926
248524613
206824231
247933800
302621879
225679178
287239018
160557391
20308876
340559381
201373992
189189567
2891763
52719944
44071389
190819932
285812067
247511833
288089468
169780487
296065350
267897433
211657040
293826373
273593266
125380355
61298122
142771444
194836985
187477533
222295991
179089514
150463751
147385537
133563128
77579162
227242691
205179858
197688686
175512506
168739833
166473132
164181987
152617927
148000376
249246533
190405424
217358476
171655583
155244513
146032568
56025178
300486202
244137235
225776505
216022206
186050034
177457600
154892939