180620590
185183533
198729095
197407673
162424244
175359464
315629478
299054821
191011797
168692674
141167454
297934360
295876858
276819701
275816565
267541641
260682434
245377884
222032643
221145627
203312297
152976809
217879286
283027755
248537895
68585313
211712236
211034449
184293551
136453803
344130878
285475381
277218333
265295950
265122833
253536668
252326894
163989884
156503113
265632434
186888935
311166025
251338993
215935190
158509288
334515222
294289043
293642970
281909150
267496908
255462105
229520950
221740229
220086343
217926988
175047432
136844059
67383738
213893395
36272910
241385630
169242883
145512023
145051697
140248059
347843500
345198251
343811439
343673470
343611661
341339862
336084798
331479378
331227243
325946671
325603213
324600096
311672933
294929873
289451970
284890169
271452066
265412277
255179166
251527297
249601985
247302488
244052011
243579736
240891370
236283869
224037157
218359247
216759503
216224181
215788506
203127682
92026644
238481031
230168801
228893698
370849974
340411216
305053359
301868558
299223261
294968618
277666817
277102881
276916714
275306118
252172036
214415377
209094974
179840824
155046356
211275435
94722664
201562581
367517890
336660551
318597710
317685149
309472423
306764678
267134438
260892330
197125103
189132559
189113286
175371953
134357378
193173411
155368069
369329779
367771548
367620026
359409367
350596491
313683331
309883276
309875460
308962444
307754806
303870835
300992516
297083442
293686101
288080668
283504110
281526034
275392197
251099683
239714430
237403515
218290283
11900972
34396107
338679893
322006015
320452330
299569625
296633606
294488597
275840761
275574114
273755823
189025967
169149071
324747999
272436066
217742027
301796366
297077169
296032529
291862637
274469446
271317504
269709051
264204518
262937999
248771514
237544518
222050227
166281835
279724390
154482605
258848761
238240655
152969399
304855377
308513143
273891129
258495039
295706707
270617558
147160876