12953696
12105819
11458259
6734186
4925780
4736010
4575472
4246436
4128716
3850612
3551775
3132636
2541746
2071989
2066343
1915193
296451517
274124297
180503779
179323595
165265497
134370529
132455680
121569439
115525619
104142537
100655160
77693046
72947434
70436830
69990184
68706729
61875091
56909999
56898955
52429833
51852040
49908261
46294214
44565179
40834386
38669454
35866321
32492913
31888780
25617843
18690813
16933748
16091414
14597708
13937601
13776787
11526322
11288404
10935804
7262647
5541432
5236774
5191205
5140928
4080861
3168029
2694484
2366549
2021887
28968887
1263087
1146645
1079286
358939670
315048914
307758358
292092886
258608026
255047922
238037874
207272952
186378291
154356981
152437146
147913163
143503617
140410516
124023601
122413881
95842129
90406052
71625784
71154412
69960955
64715380
64558369
62946447
62049769
59495643
59485304
55806139
52118733
47530749
42929319
41787939
36560378
35214837
32354460
31881782
31019486
27431416
27407645
39096645
26539848
24715560
23951878
23615436
23417176
23334397
22442525
22092999
22011470
20663123
20628823
20395872
18757038
18087897
17534968
16909214
16567006
16542392
14813956
13590077
13321484
13075290
12923027
11212143
9804363
9644748
8619074
156493074
7593707
6531922
6236396
5900298
5384144
5167011
5071418
5023456
4713641
4666349
4537109
3978160
3719365
3368170
3250212
3206326
2991093
2920059
2880367
2865070
2842190
2475407
2420770
2335331
2329591
2001252
1927299
1474390
338660760
336260392
286268803
281530238
275839446
265163400
236605796
220383324
216884182
216596490
215466362
211839608
196652186
190735289
185904854
185525842
184635723
177473445
176187921
171415256
165869285
165464305
149080249
144425137
139234556
135016742
134218380
133943817
133437125
125173295
117795357
116443026
100213458
95938538
92951913
91293729
90293511
87031807
85092158
82387757
78410627
73473072
68736326
66986032
60455413
59569239
57596546
56598797
51805474
51637725
51452711
51246044
47116401
46591798
41570439
40029566
38859232
37115342
32584562
31284163
30454782
30396542
30018312
48711312
29820441
29661748
27814020
93843020
26775990
26362800
24437955
23652024
22071759
21796451
21598919
21505773
19666043
148054043
19103936
18881431
17922215
17115703
15358028
14245872
14223709
13880308
13202094
12487382
11997578
11883946
11838373
11702462
10229202
10213174
10166201
9918711
9762793
9511132
9407849
9347942
9181472
9061968
8840495
8218420
8067810
7640491
7541517
7536252
6925693
6895083
6777490
6656779
5783756
5525337
5194369
4954099
4891545
4847909
4816409
4729933
4437321
4321170
4187218
4167557
4142135
4131783
4036509
3783327
3499228
3434607
3374399
3296230
3231969
3228996
3055737
2633663
2614363
2440898
2378563
2346771
1572009
1176403
1138389
746568
300548
340003358
311622525
299884063
297074681
295512725
281785594
276185062
272435613
271886142
271825276
267697168
266860289
255292993
238807541
230559260
229470476
227160892
222611856
220034669
216523925
215399675
212855847
211863137
200280566
198745990
191833508
189306010
188968294
188730084
185841841
182381541
180343741
179845368
178203409
175041096
173760331
171192787
169449450
169174464
166107528
162606089
161853635
156589610
153575688
147404496
146845626
143634363
142541334
141106763
140732956
139331988
138855491
137996587
142308587
137936457
137340386
136953257
136914337
136701997
134946759
134484954
133383120
133313400
131974167
123794323
123135235
122183714
120085290
115193372
106834465
105251726
103437232
102054632
99346559
97462056
97029842
97028309
96765313
93965263
89423647
89171322
174319322
87503317
86058528
82719211
82693195
80987226
79285204
77753862
74362452
74234255
72812348
72007035
69204878
65579368
62026037
61658448
61195679
60781208
58368424
58141081
57892083
56089365
55716551
54693877
53407415
53268371
52664774
51426967
51197381
50254907
49065563
48025268
47483092
47217210
46483178
45525466
45376411
43746978
41637580
154925580
38137713
37593804
37403813
37355965
231095965
35540186
33642022
33635554
31219147
30857023
30443747
30187500
30100298
30069508
29503395
28943465
27681407
97862407
25366122
24628810
24208938
21916080
21247282
21140114
21049592
20905658
20822519
39011519
20453764
20324789
20088655
19924454
19741755
19386999
186564999
19374440
19361097
19346022
19225264
19167936
18157455
18116900
17847010
24941010
17564480
17542291
17335794
17317919
16558111
16525798
16494911
16427394
16293225
15857242
14588180
179990180
14542240
14373327
14280438
14048551
14005792
13377904
13004908
39605908
12904007
12445887
12297224
12284102
252959102
12230968
12039127
11977486
11944412
11786249
11751414
37124414
11616740
11512403
11171781
11115018
14511018
10766499
10580172
10475212
10346016
10134317
118775317
9723858
9664268
9289821
9098963
8932401
8760441
8529894
8173856
8109442
8041811
7988786
7812594
7737072
7570640
7552651
7293493
44008493
7162073
7082441
6886579
140155579
6872670
12519670
6701148
6627756
6589032
6463005
6297996
6042964
5964674
5914612
5851686
5793952
5629376
5407099
5353176
5347248
33627248
5313979
5284134
5113252
5028169
5026742
5012817
182765817
4892638
4678916
4344084
52186084
4336940
4253823
4253525
4230776
4217074
4196641
4183068
4175998
4009705
4008980
4004650
3887406
3716113
4153113
76581113
3612341
3535537
6743537
3461250
3371935
3309995
3227038
3156024
3137283
3135239
3130272
3047768
2921009
2887553
2782295
2604911
2586872
2496596
2440048
2437691
2420879
2376979
2347477
18481477
2182399
32865399
2167770
1927927
1889706
69927706
1821315
1747221
1716874
1697026
1589423
1567007
1504909
1464287
1310039
1134506
1115349
995771
947427
899882
812515
738667
595328
7985328
125601554
125333355
111833343
105849880
97622526
53338298
22476770
18867176
18734760
4013227
3691763
3607762
3541533
1599226
391709342
391537508
390734429
386383423
386193596
381540823
381523274
380021015
377853604
377443131
374399794
373609581
371703906
370387601
369787535
365837848
363588268
362655813
361456156
360714103
359785922
358872462
358427972
355863961
355765177
389270177
354501954
354426550
354357908
353117422
353072881
352777841
352063847
348568681
347982729
347509608
347263135
345135865
344905000
343603802
343395636
343355386
342608424
342243566
342242619
340899606
340881610
340868324
340284599
339275863
338752507
338589271
338521316
338465588
337719516
336606198
336446319
335914296
334800614
332526608
331002620
330628787
329703666
329624875
328666953
328099073
328096132
328049924
327693061
326465881
326323165
323638391
322411004
322135175
321877137
318903594
318195951
317120200
315800676
315666923
315606408
314029853
313868736
312423546
312341269
311624568
311621220
310325010
308789763
308616974
306201847
304937392
304719959
303072284
302619440
301815604
300453026
300334713
298662656
296470858
296266485
298139485
295445952
295073752
294796989
294202956
293434162
292873678
291836182
291745927
291646081
290754985
289882913
288265261
286909917
286888605
286257528
285133235
284949163
284306838
283166715
282468572
281908148
281074097
280641249
280176128
279246498
279216190
278815570
278606540
278227246
278126755
277612782
277008216
276977840
276748563
275721554
275695032
275368314
274411293
274290042
273129929
271873167
268487743
268183542
267224767
267114237
267077501
266579597
266317470
263459339
261972486
261287942
260105777
258610935
258211831
257344762
257336810
257015535
255670502
254192331
253155868
252371197
251835691
251688429
250134876
249625528
249525159
246961215
246878729
246323047
245911210
245427631
244391715
243669730
243527110
242203386
241556783
241417201
240666795
347085795
240350411
239197862
239193714
239177375
239100614
238756781
238632443
238086994
237685637
252661637
237427993
236539777
236238059
235639789
235560074
235429584
234727883
233232703
233114003
232574629
232035468
12472209
136505018
352773985
105843082
12877781
156065289
163438145
5195559
308066947
23032964
277238515
201712180
179974564
93823197
3955528
22081249
7399188
14659066
36002906
40299054
16679476
101168474
55427693
11556859
49465146
36904763
20025007
17912303
8174762
7543716
6022943
5277820
130803972
65587572
36486961
28055240
3899650
347479058
92566343
83462784
77925522
43307297
12097076
10814820
217455640
169139642
111690737
74833697
31780789
30577426
22215469
4726038
1517723
261945018
224044915
150508496
147577339
50222775
20467323
18017273
9611548
8146504
7863750
4871121
4278002
3148044
283186471
153672315
145177867
144301437
85995940
29467958
22253112
7589509
6150645
5141992
187207525
185198141
113132590
97133471
92807626
85156439
56562754
50072434
41568508
32207686
31859564
31633910
26516927
16546990
1113163
359641353
259123586
202055780
157116369
156301169
146619374
142218806
139128693
138010073
135390398
116274655
96417522
91721193
65955730
63430498
56817528
56713542
34539019
13609907
11824874
10950534
9278497
8802649
7495964
7453809
7346406
6436913
6083820
5951878
5873419
4862431
4344369
4327291
4183270
4179892
4168544
3611011
3293760
2909932
2025256
298518234
247898560
223529108
188170768
177318442
175763310
175446836
155561864
151806816
140296110
134984541
131944287
122262669
122249574
117404820
106577485
96853540
90239584
88659199
83674218
79105849
78928681
71470092
221492092
68913448
68740330
55190527
51989558
48168763
46610212
46304303
38103909
30606847
30603384
27500659
27071538
25676269
25059977
22715807
19209809
18923808
17058178
15992774
14250791
11755899
10761014
10718689
89721201
8761312
8589835
7344309
6379387
6284063
6217997
5808555
5153523
15379321
4230262
2802128
2091368
1855889
369527114
301303105
259970561
257639346
234470141
231560714
229131165
219676343
218305525
214732933
195313138
180550232
168735492
160165045
157806913
153944157
153795895
146465678
145837021
145387361
221538363
140851962
133761888
132579725
118566167
114340704
113326350
112713576
108091691
104509809
103065274
97841592
95179043
91283108
89511290
85857014
69620467
103858679
60101661
58724024
58146984
55315089
55121558
102031877
53392285
53062528
51953636
51672010
50740310
45810821
151877821
45799314
42108971
40176974
38382501
36198231
35623387
31242281
29582229
29335345
28863291
27259401
24806495
24793923
20617510
20462890
19497835
19247480
18575995
17558892
53773291
17423445
96253445
17005207
97228207
16805878
16568577
15537407
14461469
14030317
13861251
13355395
12944591
12838844
12418805
11639910
11612385
8974083
8898858
8716331
8425001
8405491
7520034
7478766
106299766
7156571
7043117
6955105
6517429
6469545
6440159
6238543
6056208
5734623
5614598
5580835
5544386
5427020
5172505
5110251
4679753
4569372
4528722
4449755
4326945
3764953
3581775
3137368
10569283
1886233
2841515
145932982
113626251
92332217
69098525
57821158
37382002
27083775
16960461
13260466
4635378
3958221
2950469
1601750
955658
391667291
389942170
386761673
385340679
383888723
379350093
377759397
375788251
369034082
368092507
366271256
362648205
361684889
359948026
359789551
356707433
354483420
354108409
352707629
348758246
347783366
347050078
343774313
343009698
341532601
340863111
339736998
335985547
334650479
333958941
333673150
330232173
328418916
326568328
326379761
326123541
325854123
325814878
325717566
324993957
324774937
323257018
317364754
316490908
313495936
311400308
310992963
310281671
309901145
309504643
308826463
308390278
306375906
300297000
298577169
296248557
295948125
294148256
293474433
292380693
292154940
291714865
290905934
288453743
287502685
287446404
287170706
333059706
284748247
278387838
278146625
276676690
273581606
273186694
270612233
268857896
267907683
267834901
267736633
267390111
266074775
265304635
262881118
262295410
261818860
261140148
260883068
260773039
259250607
259013165
258520293
258381831
256736428
254460931
251968305
250258097
280204528
247678350
245314291
244039471
243532607
242754286
242619133
242574110
242202454
239548757
236353940
235285123
235258284
234922137
234593576
233870926
231978266
231170399
231124079
230110455
228478976
228366204
226447270
224702090
224660674
224497774
223825054
223740588
223335313
222809671
222070269
220967702
220608649
219536969
383067969
219368920
219293954
218184501
217296441
216992846
216300977
216137086
214756020
214693331
214683692
254820692
213592667
213355068
213277167
213072422
212898099
212626677
212585919
212529838
212320326
212146791
211921963
211750461
210877042
210825754
293496754
210320474
327866474
209845403
209544338
209197954
208793182
208352065
207432544
207262745
207005040
206739812
206117902
205243321
205004001
204772392
203288509
202550725
231694725
202428889
201934388
201590797
254855797
201184400
199371265
198889640
198779613
198421815
13385681
13335006
138216354
275460357
201421084
37627719
33524457
140369756
11380059
4660881
245092679
92298900
116566960
25945629
213795777
68880602
59308150
370434495
12026483
7631161
169616954
31825006
9921353
62402962
26592458
192680667
85661761
331668706
88985248
205839813
153458970
152202105
99584899
92413091
28800854
8398677
6523399
5071199
4190480
47910846
17812776
6697775
2148283
134244620
125962016
98481341
80669074
50338036
21504792
8947892
8454193
4008429
265695937
151615562
132566480
123317277
62289797
62044649
28534790
17724594
15589364
12152680
8794584
5417208
185165046
149192817
96889917
92473672
86634525
37861130
28347976
26202090
12977867
8813563
7397681
3396018
1993234
224530794
217442499
188013456
178163398
172700065
147619349
141027984
101608381
101111403
98119252
90623600
61815688
61085446
50666949
50400575
44641895
33128013
32768640
32657656
76823656
29587181
19121137
18870786
18304357
16353034
16259515
15720078
9953999
7964504
4694684
3816189
272555874
211741410
204778359
171831991
138407316
133582869
131497356
116206490
106029368
88188068
86837126
85560961
79904640
77029604
69308159
62716955
53850502
49903518
49763799
37869520
31913321
31840977
30867928
26712374
16940243
16452180
14413688
12971355
10464238
10377185
62061964
3809589
350845915
269978982
227447469
187343074
181672793
173093693
153356083
151192913
150468138
141632617
132253147
126657718
107479636
99803242
95857672
93501822
78344764
68714930
68405321
51543119
50308862
49393076
47393910
39714701
38118376
36506340
32965471
29773335
28404553
26988362
26142680
116610680
22239488
21085893
19801798
19553075
18903154
17323909
96283774
15661109
14237241
14229717
14074921
13060397
94493899
11068464
10387538
9922871
9602815
8959070
8718164
8531497
43834497
7674044
6927737
6850860
5869491
5641341
5580902
5273959
5263674
352137495
335113006
320899016
295904644
295539410
295216449
276726603
274751347
249640088
240132180
239642507
233947428
230336114
212517348
202099003
192512878
191516051
182670189
299384232
165822314
158808743
147093688
145087423
143583121
137243990
134472390
133702989
127125987
117541972
112422223
108388101
104517140
101660667
96381932
95851222
95678940
94245578
86237322
83829927
80178178
72568289
71748826
71342649
71037465
69264196
68908867
65513217
62250202
188225202
123571202
62031865
174413865
59401092
52650505
51070171
50519897
48421408
43901534
39662068
38366093
37205936
35724302
35257046
32370433
30548272
29807173
26524325
25253282
21207337
20276365
18516252
17931748
14026033
13614741
13313770
13189339
12875410
11870241
10893335
10824779
10583547
10473514
10394704
9783151
9780373
9691601
9687147
9418246
9244442
8966146
7859145
7719902
7662452
7038874
6812169
17587169
6697883
6336341
6279093
6268759
5612438
5316179
4910555
35048722
4006572
3899478
3809610
43680953
132928233
373740814
192388908
141643077
87289538
82176433
62580923
46901414
34377179
32482198
31363165
29010293
26670208
1182893
389462610
387216324
384465681
375269230
368863667
368644317
366162143
361723517
359306990
358551287
357680919
355142494
355006118
354716080
353651266
349185672
348098635
347466820
345925531
345088822
336100502
334948845
331745440
365312566
322724243
322030304
321852324
321387710
375804710
320975679
318106923
318028379
316892016
315739414
314111657
311360642
312273642
311273944
310868988
310544950
308258007
307883850
306590826
305289082
303206320
302656803
302597363
328748873
301052979
300519171
295591195
295122795
384168093
293743284
291804742
291415881
291081583
290246877
288288239
288244890
307791890
286646544
286162395
285619599
283952265
283322396
282853204
280977036
280571511
280242817
280014888
278191701
276781354
276347809
275423872
272553353
270487013
336997775
265008413
262186075
261184606
260612192
260066042
259389634
258482349
257469558
256330357
254821943
254048054
253357557
253199262
272273262
253175836
252759701
251537308
248867008
248708110
248601566
243080256
243062011
242973071
242840383
241071676
238254018
238129126
236208198
270354198
235131576
234060081
233928105
231984364
231892047
230910481
229642500
229602323
226798747
226527482
225786805
225737795
224995651
224811720
224207773
224075316
217875854
216478851
216294622
215361021
215209687
215156541
214338208
214241264
214177442
328070442
212873247
212675472
212589257
211685812
210756148
210678754
210613968
209369076
271942076
209055428
206510029
205173755
204942625
202251928
202122291
201815262
201518859
200960325
200434967
199711713
197888123
197830282
197233333
281850333
196755767
195742635
194557825
231384825
193590759
193006396
192600994
192485914
192223281
212072281
190652841
190298152
190265132
188950852
188360731
187018759
186414344
186408732
185316431
181435618
179834852
178914361
178766457
178246870
178153551
177694895
337498895
176960201
176849170
176331064
175775005
175727900
175460155
175176776
174979206
174108540
174012877
173607593
172709097
172490031
172255519
170576371
169814880
185181880
169781357
168590760
233169760
168567134
167327827
167058253
166535242
164711456
163869708
163322046
154143444
151467
5076671
189339468
263275794
233784190
5901098
111586924
18798424
74911617
32163528
12152705
48013841
44111479
20788043
235774695
161236611
262405501
10605719
19474272
6271229
201316380
172321968
90090619
32885045
14257432
38007273
32347606
17182987
12882401
6644701
142110620
34167386
7090833
40603027
18469109
16479076
8737437
302025906
177899070
143415278
33137002
23401777
6819384
253106877
152089224
140896838
131710774
104981477
62151807
41178689
33278783
7591110
164186175
142104051
64640942
56856860
53531600
38501640
32193439
25294964
19181008
13125055
10513464
251632303
193168625
165390246
147471330
136033418
88504284
56015342
45121671
39888846
39546537
39046491
34584948
32757023
26829022
24511369
17222170
11922650
289477920
187354258
181578810
152673748
144459872
144185050
142726003
140491130
138967254
138132619
105931154
105105608
100251645
78282242
69333293
66080217
61357416
48655803
29732768
29502468
27550209
25545759
25059286
23621211
20756827
18406323
17930590
16623591
15568885
13208666
12623044
12283626
12209358
10805937
9941454
9153515
8537445
7342263
4569518
365433174
353990646
332967907
297821845
294754184
273081104
205719020
195852308
186637201
157432955
153375017
152793969
152138964
150698400
144385905
141034483
138434404
134280511
120576693
118481579
117226891
106313588
211687774
95182422
92524715
86579453
71940678
68792478
65863593
56166973
49636399
44714024
40734224
39283622
38812001
32568336
31034542
30237739
20281999
19179385
17255289
16605543
14741456
13961332
13349713
11955163
11629408
9317224
8845082
8308589
7950899
7851858
6562633
4433423
3181584
24502584
378410993
371735719
354055818
335753011
331929015
322918156
288152761
284028955
272271652
270761346
258939612
221896909
204585906
199088710
180473974
170302450
156111197
152226251
148397543
146005495
142239347
141259599
137649328
136493661
136033009
136002808
134342790
132988976
164407976
131628005
131565960
130231598
119360022
215183022
117875476
117566432
108564921
104510620
102101414
101442378
96810823
96557535
96451073
87713607
81525639
79418605
65543545
64635562
61070912
60118139
58899444
58775750
58474581
54928141
49844479
48102849
44913415
44458448
39682711
35861709
31013201
29914066
28901395
28498083
27529384
27170448
26837081
23155527
21038113
19435563
18338531
18293219
17911150
14815230
12260423
11988014
11441896
11396827
12788779
10803775
23210775
153782547
9561670
180727246
8860565
8458928
8265824
7429309
6404618
5425621
5312663
5291344
4813409
124627409
4407858
4398706
4326151
3648025
2866330
149042949
113143839
103206213
66428374
45577344
30286422
24240147
12894744
8783844
4396339
387826276
385550568
378147924
374130995
373944487
373443087
373259275
371931904
371798329
370873073
366153969
363397177
361238478
357854565
357775377
356098259
354472728
353733274
348832870
348425242
348058356
344997897
343173382
341554389
339147746
338924594
337845567
335773315
335650437
333035722
332894756
328177258
325233408
324155448
322475410
318857435
318763002
314779732
313726510
313066753
378884753
311503658
308835723
306383963
305836419
304731369
304629161
303235916
301958988
300797669
300475743
299407094
298639683
298089830
298063565
297798080
296683344
295275983
294938785
290586661
376826239
287280790
286351536
284173599
283445643
280246327
278862764
276659251
276636707
276067514
275835149
274854960
274221719
272903925
272382842
271286668
270385234
269218698
269062545
268447159
268051815
265729991
265052426
375314426
264251548
262381534
274368075
261779981
260894637
260088508
259457306
257851187
257540558
255215476
254978145
254040844
251757267
273122267
250189902
249526329
279169329
248222779
246959079
246385074
244452822
244250906
243985024
241498730
239803757
239437000
238229610
283759610
236374393
234895359
234486954
234485379
234192615
233970312
233593164
233328563
231274472
235207472
230691202
230668104
230413282
229121270
228977677
368225316
223256218
222345460
222312055
221241421
220436691
220433222
219656449
218763555
218714957
218508899
217583878
217190553
216307212
215991385
214726600
212802078
212452604
249164604
211821902
211384614
211244143
210677990
210536678
210084550
209791244
208559765
229329227
206603557
206487694
204202264
204090229
202821015
202095388
213723388
200156873
199598558
199313207
198488524
198203505
198110240
197651271
197124107
196962550
196480611
196086797
194893566
194118516
194047500
192569474
191586632
190914207
188631511
187196682
186238479
279667431
184942742
184562543
183145171
182803294
181694658
180803354
180156326
178923593
177748595
177699592
176096344
175749400
175492630
175473020
172859680
171928206
171443968
170653421
169969538
169023304
168861806
167533273
195026273
167244736
167129780
166967115
166279732
166035943
317069943
165565510
258454456
164338228
164137539
162456881
162415598
161908184
161855813
160877029
160626923
160473910
160131576
160087030
159714779
158522350
157498865
157400978
156595314
156348167
155149465
154780700
153740329
153301434
153092376
152675275
152396970
207282073
118622137
177795939
34356200
231439168
136332771
82716991
82502068
93388128
120975039
136590573
50041029
216469701
21879396
230828507
31588187
266206109
304258423
301182930
110914381
21656425
138783251
10272536
161706379
143962058
93312019
30819107
374602547
269676954
240868075
97154926
37126215
32405998
8912421
8742398
81717877
72961660
54671842
51613929
40936553
216797671
136257592
91012125
86098220
78785273
47704411
46633772
35476960
33506743
28529391
25806436
9872353
8360375
5023036
229181849
212418326
172357896
140083249
137670574
98509251
95005337
91963057
83875714
58939731
51701821
43163563
37417681
33536540
31719359
29555297
26219161
20521271
12428312
11697335
8848634
8528037
4693751
224143557
215026028
163260375
163063717
159430419
159014100
148925832
138152021
150615619
134024756
121078795
108821753
91049388
87090776
83120977
80276259
68493972
64248986
45918356
44381647
29901471
24437007
23773598
18754468
12263364
11326821
10338668
10046103
8856912
8097350
6886501
326712266
319205503
276803935
233067122
204834631
202307413
186536704
175672275
162632645
162217159
151750018
143804354
140974559
140726822
138684309
114688059
110575636
107207231
99892466
98156236
97870099
93903167
72791381
156235381
69680952
65716657
65182044
54082258
51035091
48059637
43746252
43649985
41707738
41429101
40842025
40317203
39908202
45459001
32510939
30020305
25396346
24202846
21677155
21463816
19718785
17735039
14417042
11226622
10771025
8659851
8512311
20313311
6153547
5250791
2286815
338586106
286196468
279614800
274500162
246997693
220959208
210854585
209498880
203798346
201852142
195164993
193434228
192361967
187469485
186042372
173911838
163099390
161290355
157909797
155264120
153962341
151379717
151026713
147243413
143647772
142451000
141456852
136282189
135885015
134262049
132221976
131275285
126284610
123387128
121917072
105987903
102310906
99050134
93304121
87200471
87103820
85422636
82972570
80135846
63155956
62945469
122593469
59952690
59899311
58281488
57895010
54911936
52741765
50679088
50259062
46417374
35788097
34749119
34232755
34224791
27811899
26848430
23132504
22800210
20226026
17402270
16035776
14301908
12938924
12846889
12343539
11251938
10902551
10744671
136214565
6860306
193452663
3881227
143070974
142534854
50739580
21144173
391979439
390242558
387421468
386822147
383975363
377153955
375508249
375065673
374441771
370130001
369624581
367848569
366775995
363029014
361026633
360124620
359821802
359086181
353823302
352991598
352945829
352621975
351183666
350854199
350287041
349646298
348928083
366292870
347204612
344426114
344274342
340922555
339417060
339179192
339043530
338981592
338568323
338005728
332659694
323858685
323253750
317324623
316518103
316276319
312711346
312400738
308813122
306751958
305303283
303469655
302839492
302471448
299734816
298272140
348061830
298052277
297744728
297379641
294225525
293366895
306010895
289257182
287683935
311088935
282717790
282199236
280725521
278711963
276908338
273911385
273807903
273749644
271608995
271031507
269588170
268836095
268738721
268477116
268041857
263247183
262602472
262242470
261974937
260442053
259230718
255562426
253065919
251795029
250863976
250665161
249120252
249105535
248966972
299387779
247328882
247020091
245051549
244336622
243345048
241245456
240763811
238723490
238268076
238191629
234465496
234085178
232264010
231219121
229954597
229793445
228913809
227933053
226313594
375909594
226300060
225224208
225105133
224951351
224051587
223435954
220373601
266821449
219495735
218869202
254498899
216957058
216526172
216133131
286008385
215811047
215098245
215059796
214696653
213967724
213611989
213600380
212901616
211961382
211361067
240189143
211059637
210635517
209765227
209717220
208644645
208054843
304042843
207936520
207532317
290665557
348520694
206374678
205991799
205835459
205755047
203834942
203814425
203066403
203050686
300541388
200962843
200037614
199230267
365575524
198406879
197956392
197831429
221942797
195155435
194102453
193516061
190046207
189669256
188994861
188751116
187534890
186506249
185592191
184668037
184614559
184380315
183478370
373111370
182716751
181801262
181489853
180814589
224316354
180666608
180470124
180441911
320218911
180347733
179211794
178667153
178103637
177842197
177588034
177343189
176030525
175655983
174747184
173990483
173837013
170919059
170730863
169552879
169034578
168406985
168259044
168132545
267095273
167209211
166161441
162952102
162366464
325861464
162021284
159505585
159461865
159147348
158271271
156587760
155590428
152797252
152206316
151658041
151627266
391610266
150846700
150824656
146784664
146698834
146406401
146373288
146012154
145902498
144158527
143133411
141875989
141647824
141600490
140405337
140179586
139888238
139603838
139410180
138237691
138146475
312410475
137825362
136404905
175777905
134418946
261046946
134114473
133864169
132566809
131311026
128773101
60399275
144989849
25712051
153551698
112257094
104194091
86565574
73502695
140832095
62974171
53121589
27216117
323993008
114730176
27241708
86980000
10047473
327752151
95309750
235294981
150595205
90243222
83670208
57604233
13314730
221058218
140395360
49584223
222359642
198757128
175971011
142920059
140845062
121809693
74134424
69252184
63505912
59271040
58643986
18356341
13275125
200255739
193695978
171719946
109520145
64536714
30481662
24610458
23491376
13055383
13025956
297750408
151409825
122580120
120669542
87780874
81445115
76033450
72223890
64163706
51910995
50328517
39250271
32691479
24189933
16893472
14420767
10265425
323365924
319186654
235146661
201102469
201089084
177935578
172377807
171313262
165886797
159930724
154110110
151180296
150639313
146587538
140960387
140087819
137641437
135933383
135410970
133596792
131937960
129907427
125535725
113409513
112196485
108853765
105381953
94251535
88210308
82256173
77663871
75894060
69440551
68177182
64650375
60447837
56874743
53303384
51348478
50039881
41682979
37144439
33258992
31205144
29369472
28624555
21879591
21813888
20431267
15345272
14096607
13486343
12895315
12339622
11491082
8203620
7308272
6685336
5847401
43609791
4901801
360086220
335802251
330306016
313854371
296525948
295504753
283586728
232321547
223598828
223597263
213792301
205562599
196190166
195946563
185518044
185297960
181696672
181178512
180254723
176520176
173799175
169520687
162509521
157923404
156612312
153745278
153500520
153093930
150460324
145451061
144984902
138834624
137297567
135600221
133114011
122447526
120233971
116818204
113351559
110586914
107981880
97417047
96381030
96170929
95179456
95084863
89369181
88960576
85908843
71929391
70407264
69270362
65432835
63897440
102143956
295214690
53540051
50944425
49699351
48077073
39644010
37714046
36477549
34049597
33005730
31416351
31052209
122718209
29352943
27633643
27004849
26733133
25470179
22180815
19575751
19066636
15050167
14837184
14485996
21914938
9009683
233434191
52429693
16059919
385049925
382858081
380712645
375732575
375431276
370809287
368606514
368438839
367590294
362190340
359752604
358674668
357916286
356618579
354173886
352052201
374700694
348292071
347373066
343673079
341741228
340634367
338476679
333946803
331640877
331437876
330845059
328798644
328441255
328416363
327915580
326906803
325977105
324347834
323358998
322730859
320961233
318094748
318006131
317771648
317365669
316959242
316889568
314695077
308249339
308009348
307432784
307328765
307085602
304583225
304473983
303149597
302302623
302190426
302037912
301292944
298898270
296705816
294787499
291778713
290691743
290481857
289509951
289303653
289075312
289015856
288138767
287364409
286536444
284144395
277289238
275835430
275424267
275331940
275300474
275281620
274369180
268963503
274989857
267881757
265192545
263214132
258482903
256508509
255514090
253491500
252930492
252508943
252356097
252130175
252023606
251167619
251086050
251005516
249300686
248485972
248255572
248053825
273465549
244500673
240937239
240930205
328284205
238035889
235288823
234648303
232435667
232238557
284194557
231014071
229579632
350338133
224863368
358895954
223214395
222901792
225833792
222377878
222247851
221690860
221303973
220299864
275225864
219652133
218806027
218719459
218693257
218215239
341823239
217540260
217482121
217236758
216629443
216522064
215359736
215355221
214974430
214075473
222685473
213067195
210389883
209342842
207095617
205247396
204009273
230194686
202678908
201411306
201297975
200903680
200836554
199083872
195618323
193572155
231967155
193288584
192326962
192275822
191922118
191821782
189384751
189085375
188574729
188523680
187759423
187668146
186774210
186271151
186086096
185968628
184103407
183511567
183160455
181669095
181288809
180805018
180113715
180030108
178005534
177562137
176640171
176148561
256386905
175248952
174932470
174900041
174581436
278584483
212463013
173626142
172896415
171129706
171057743
170391704
169785777
167747168
167420382
166352590
166111144
165630388
164829931
164157591
163559960
161684063
161236167
159659677
158795288
157914265
156906258
223324258
156830994
156732391
155111062
155042305
154334387
153185429
165380429
152699179
224379179
147402178
146792193
145986355
145895769
145606537
144620996
241650527
143567513
142205142
141591848
141308611
140774476
309443337
139411369
191247369
139340865
137751305
325649305
137296920
136121824
134933510
134715652
134471840
280302278
132038282
127947023
126742861
125217617
124760368
124068286
123751643
228363643
121323589
120274389
117905157
117774345
221888345
106584518
105180086
244945086
103827243
99466043
99058813
99029747
98832034
97199309
96604273
96161192
95433941
95346032
94502701
94183932
91854565
89143824
87587555
86882763
291555763
86418937
85290491
85100342
84735331
84011957
80860873
80584307
79738485
74160782
72445332
235561332
72179483
69951149
67861503
65845582
246897582
65714928
64361802
63302074
60096001
60068242
59776327
59653253
56383743
55896007
55847385
55544979
54584938
53699970
218614970
53404281
348442281
53045776423927
5523687
131422004
234083148
235332133
16332780
137299093
31645217
19714162
9305092
210744
81955431
2740326
17009127
91008453
71167513
1527078
80031895
3550964
21215618
8584245
26796446
284633722
201724069
790186
4013229
104816531
329061162
2448788
85956381
74317633
165298327
41758083
6329392
96307974
32689074
264609981
302417128
67506035
18803948
7685122
3899
177105183
44871494
4336136
3492382
68997003
14730281
352007927
131817323
37280764
4574224
29894589
2705894
226214367
116101392
24349573
14830878
12723727
2909456
280331612
13747559
5013596
251930977
114448305
66972652
30413602
3380404
3107993
70654349
25823220
23943686
3386914
274201384
154961714
5127251
135561027
14617860
9256895
2338437
64939695
21540317
89318751
51602869
39447533
34258735
6595674
3840695
2728287
50076887
19817360
14509673
12360565
6304007
3725335
3426178
8412178
3221293
295983144
249523326
79405572
30153469
25449801
23922245
22643719
14907831
4475845
2157004
805948
253001485
142948465
126093573
100986721
86310861
29850923
29672650
19583268
16095520
14421033
12083033
11693829
10695583
8619024
6101611
5171431
4524628
4294288
2756333
232485874
133492815
73903188
35048220
19086614
16903310
13745687
9021339
6622612
5684684
5473135
4281072
4079804
3127430
1184324
792710
364726013
291888471
211450967
124676520
82320350
45742373
42955440
40762390
38532912
6209743
3740078
3543009
2731447
153456321
101001220
70884960
23111165
17552888
17004432
15046943
10316779
8683559
8670413
6560596
5283485
3885400
1921841
1835254
1740039
215825147
213053214
174541332
140226394
136879826
122672290
101797419
92683728
88528527
79343749
53584363
53055859
40909096
39266858
34327418
33852768
29573973
43361973
25933749
25639721
24852711
20264907
19569676
17841476
15610995
12888808
11834505
10361885
8743060
8081520
6449803
6442984
4293934
3833272
3355005
3214864
2724893
2239085
2097257
1688415
1579874
282385409
273519051
260587489
233102485
198932500
164301143
138737136
135427892
135131001
112924311
77507424
56844615
34428786
29584279
28407833
20385405
20288831
18323849
14661161
11174388
8897394
6185986
4614422
3894623
2814707
1942880
185702252
180198538
141458283
132771308
118170000
102460782
61712709
42204627
42127431
41277264
39665767
35940531
34965287
28599085
27119050
25472595
24531102
22719714
21566003
20437147
19448226
19131991
15878638
15788855
14914859
13599985
13360360
10575516
10478902
9402824
7505948
6956696
5465279
4130737
3649895
3410051
3204459
3191897
2725662
2251973
1793415
1759126
1148436
1083553
741527
300624080
222947028
206645242
206381231
137705909
135338188
131649464
125200369
121767611
100294805
96119932
91497661
90078246
83800555
81536936
77877823
74555883
71617547
70892550
64194818
59334355
59291382
28866012
28467578
28046640
27481165
25118187
20847617
17395797
16938245
14846281
13182521
13168206
12599105
10363540
8858888
8827601
7575845
7266430
6489658
6266394
6086614
5402793
5297553
5193264
5061801
5024660
4465565
4438481
4361182
4064707
3786288
3250674
3013968
2797889
2553776
2179575
2036224
2012294
1574727
1489239
1476221
424981
133589
233168577
224958379
215867329
200106588
185553607
178803722
168956082
155592197
152251021
145533480
144043152
141497511
139932118
134819176
133419419
128062658
121422968
119272564
117011470
105849553
66494935
60968940
55233091
54063640
51620271
50213372
49289099
47056343
43105697
38965497
36344908
32248366
28096483
27551411
26384404
26128834
25469643
24867035
24158791
18110351
17302026
16350357
15920571
15448880
12506644
11956147
10934836
10722675
10589086
10344860
8777860
6206567
5922814
5745210
5550959
5018720
5005113
4384574
4128649
3973667
3239526
3115842
3039872
2875761
2874734
2472950
2246067
2228584
2004041
1201427
892646
247392513
240792679
173076809
164028000
150480622
147889020
144589593
143040279
139714941
139069255
136583897
123634511
122338699
113513041
96548262
94643968
93222302
93006844
90887910
88665976
87984435
86017706
83098785
76037292
73666281
68585634
64943120
64251607
60834669
60743611
59659783
58963468
55781958
55450601
55347665
51791832
49685537
46476939
46436616
45675659
42151971
36343141
35993454
32465699
32061543
31673273
25891943
24601428
24355556
21392047
20511179
19329076
18798342
18373193
17162973
16206878
15796815
15604284
15328255
14862043
14419065
14288064
13356049
12486841
11501767
11288680
11202786
11187161
11080961
10696859
10439030
9669172
8806366
8480692
7584644
6918457
6507831
6263254
6029188
5776247
5724525
5321187
5315629
4797747
4324605
4192150
4131606
3466994
3414129
3293962
3235590
3223085
3072060
3071108
3023273
2966013
2867224
2780892
2724554
2541187
2463502
2388740
2320060
2310405
2307240
2027643
1991802
1950491
1661764
1525914
1484179
1460926
394180
266421026
251463355
239969951
231263346
214027094
210806889
205131655
201640965
200531991
199105081
194688221
186113001
182944830
171701044
154213813
148010104
145214443
140796550
138986427
138507813
138422725
138398128
138212749
136919305
134241325
120131025
115027902
114426483
112577855
100468785
93163114
92101122
78156182
74197931
65406914
64685041
64117088
62907429
61702942
58302944
57410588
56166284
54491020
50491220
50208783
44807027
44515134
43631530
41729499
40012966
38755018
38474724
37750834
34864503
34773997
34426303
34206488
32881355
31275912
29546647
29372854
29131560
28562308
25788848
25390155
24469026
24227167
23799578
23167987
22233230
21875510
21784644
21733123
20807010
20443411
19921452
18101661
17857236
17594654
16633988
16073907
15105944
14944407
14732655
14653063
14067125
13344757
13290883
12877997
12620628
12290947
11273352
10529412
10402877
9869110
9125772
9051107
8436735
8299570
7673158
7521729
7484555
7482750
7427961
6728255
6591759
6342012
6255671
220430671
5839446
5834499
5732800
5636721
5495015
5090681
4863708
4726235
4690936
4614609
4509938
4129809
3953493
3912978
3848690
3805688
3773985
3764770
3629760
3597439
3447348
3427686
3266919
27639919
3166197
3056266
2956594
2952694
2754060
2750600
2672560
2646389
2506229
2500906
2410878
2075940
1924192
1871972
45827972
1793829
56246829
1766040
1698389
1466160
1081389
920127
831320
804823
735256
536032
137612
300655021
285901474
280942603
272044105
252771553
245316410
217624275
204926734
196194355
194185346
184538445
183562997
180978040
177151904
171671475
165765401
163259306
162249562
160659026
159998701
158385366
157324280
154227417
151837986
150428389
150252431
149064811
145234789
144207776
144174109
143422966
142676240
141123852
140823890
140589313
139108517
135422194
134482518
134396284
131689213
123650589
118779609
118579303
117243744
109885920
108660108
100749387
99744213
226478213
95591318
95481181
94746035
92955657
92430357
91647631
91316260
89260596
86042728
85055261
83165358
81699344
79667446
72557585
70967909
68005086
67890408
66280047
65607048
59471327
58625163
58279799
58249842
57900703
57238412
56876577
55624312
54234164
52446568
52217258
52109123
51948898
51749314
48809108
48678104
46334762
45966332
45293488
44063492
43848794
42956917
42938360
42835204
41714754
39825557
39048993
38959332
38823378
103284378
37201887
35917522
35072881
34442467
37416467
33398362
33218916
32544032
32283562
32056827
31637500
29328510
29298124
27517084
25036037
24686548
24632039
24349906
20442592
19834826
19412886
25240886
19395103
19151547
19048319
18537545
18345460
17704382
17599687
17592454
16964999
16690322
15792012
15605097
15426867
15369974
15020967
14919433
14796206
14710937
14174793
13296223
13196283
12657269
12618006
12546031
12399391
12375038
12307847
12067501
11974177
11851072
11272989
92460989
10933364
10784594
10679544
10561668
10103820
9744484
9676156
9362348
8943306
8913574
8863982
8578706
8416913
8215857
8136112
8082143
8039653
7923821
7621903
7596017
7486135
7317797
7220080
6738894
6705588
6646638
6577874
6563592
6511809
6153055
6026418
6008870
7797870
5718808
5614848
5587546
5575941
5570567
48546567
6665567
5027823
80891823
4904545
4901946
4833892
4645840
4494059
4273009
4065315
3997951
22462951
3958281
3917604
3782208
3719907
3679652
3678976
3677674
3496605
3455593
3367561
3367282
3245971
3231958
3195899
3146691
3103330
3057166
3052280
2807636
36621636
2722622
2721309
2704504
189635504
105843504
2661092
2609947
2584875
2566403
2557618
2536089
13394089
2477891
2437459
2364066
175345066
2320398
2279350
2267777
134705777
53165777
2226979
2125436
2122711
2074865
2036700
1972437
1955176
1625386
1494374
1465536
1304331
1280538
1228350
886120
618860
19161860
442420
4875420
3190420
439991
352225
382306436
367537506
322533524
316246811
306570428
282142796
265551792
252475450
247252270
230278194
230067710
229907488
203186162
197389026
192055087
186685925
185902948
183819814
183067684
181461043
176246640
174940361
5592362
151576949
13486004
202855663
132230362
135474059
198046955
19141889
256727254
36227042
16217212
23166063
122423549
2447031
63331982
10673633
39218579
6944296
77437524
59287780
53100674
7843630
210867765
195024340
180456852
5801696
41049074
31440917
18026996
13640569
2331598
205067278
138641595
32334138
21287352
5802996
33292311
35255110
32604100
268797149
21172897
258397008
99014694
20643153
166007050
141501604
32784873
24627886
3423752
166015732
50163765
37443681
4205556
11045351
4480333
363754027
268946526
44113370
33527533
18808636
14188233
2780778
119518304
88735429
13670922
13223725
10833871
7728820
4178102
96568975
50966918
33102162
14183611
11905247
11684417
3745269
3169017
308446870
288855434
89755335
80531458
33786945
31756677
25032205
7331563
6552226
4006948
1861241
143486865
106945411
24080671
16220258
9408183
7195545
279706848
183898968
172137602
153298935
135549638
91933310
81754168
61800203
42856309
40537700
18761179
15882031
15071880
51741880
13196664
9715654
8015750
4817307
3437507
361566178
275869082
150842716
134129897
133432789
57091066
56758330
54873286
54244287
51889552
37649507
32759417
27454571
27392877
19608521
12850040
9183181
9089151
3237321
264826140
150346184
124432554
90763199
23037503
17439332
13892785
11283159
7175353
7174823
7092321
90558279
380893707
303417724
277224663
230796146
171857477
159296538
155116118
133689323
123112654
115243980
110397198
107796919
97618831
64896501
57855239
55065415
53807311
45383605
39095760
32701968
22465469
22253060
22161762
19299963
19074917
12522257
9917782
7120162
6521056
6321600
6040931
4685176
4439873
4251313
3656629
899065
277908511
227495067
171220798
156238490
147351136
134815975
107139104
99442829
90826029
72930339
72245162
69614141
64906698
59692572
36785965
164506965
34676094
25338540
24687974
23350096
20818445
18758628
18398190
17894972
16841198
12229516
7432555
7096187
6789469
5687673
5608931
3841720
3766173
340681446
286444109
259022828
224802584
159828730
154709259
153409418
152852598
135076279
116745563
110426911
103337285
102242420
101185623
94109943
89840360
86822174
77145731
76782813
63592910
61922012
146275783
59541315
58587468
55475067
52111057
51268932
50035334
40516679
37745720
37219869
35684813
34528692
33451014
28403213
25715697
23335020
23213277
21836479
20030330
19749224
18904150
16449635
12972033
12669624
11916992
10163413
8979857
8721362
8594276
8236153
6954544
5530866
5030478
3844553
3626501
3012771
321361408
280302548
275118770
174031562
166708709
166172691
164937853
162046161
153637870
145215935
143124948
143047370
138903612
138870279
120219344
114420244
90701539
86265309
88366182
76837865
72690253
66790951
62334949
59929307
59301487
56609839
57037839
56573403
56281766
55431319
54676705
54283072
47887913
43796480
43190391
43020781
42208789
40854157
35775960
34381741
32247621
31748009
29025206
28333714
28200015
27492613
27152881
26234324
25741055
25559712
23383987
223459987
23355131
21541193
21421227
21040677
20856939
19925894
18506962
16708501
16321121
15962397
27076397
11869637
11553922
9852934
6690097
6282164
6255593
5731751
5410332
117573332
5237807
4945966
4930289
4545248
3297817
3292464
3019419
2665943
15112229
2358916
2258683
533538
364840343
331245417
310294593
288980644
271307910
253091293
236275821
221611345
219606383
194713316
174438197
158659593
155523813
153507710
153216674
148395544
147989034
144066918
139089541
138250330
138250030
133698571
126528092
125668907
119729077
116992822
116451411
111141545
106736521
104290555
102469835
99161415
86214320
70137654
64990048
64738164
58845287
335538842
55658776
54095778
53628856
51232425
50885399
50404334
47901962
47627610
43657552
41312659
40961430
39067782
38067384
92209522
31469029
30371517
29258020
27023361
24877871
23976696
112517696
23777300
23472131
22423395
22151394
21341299
21272152
20354259
20264613
19594618
19367934
19135986
18359093
18293915
18237264
17684045
16852070
93692322
16602087
16370330
15430796
14781157
14318232
13570813
12536407
12050979
11226381
10528989
38545989
10094455
9746325
8664347
8652128
8471369
7367362
7358984
7115886
6921390
6903960
6624386
6059658
5837233
27932233
5711285
5682817
5464758
4828811
4787641
4743835
4696189
4644265
4635212
4532997
4282151
4234704
4144706
15138281
3736867
3509602
3038831
2744726
2645307
2318645
2013657
1519444
321783602
310745321
305740631
303328858
287604891
264853281
263419382
260553294
258799150
252336235
251742648
249319471
247820643
242559164
236588631
233990834
229535014
216317954
212205652
195224316
185785410
185214758
183694010
178648938
172603814
168956999
165399378
164057726
163880159
155486607
152051263
146776250
145362890
145115750
144157183
159417212
172513962
10709458
336911096
8344990
153554153
369638431
265114378
373576393
10727064
88544931
39900331
30186632
4377576
19087040
38184756
141255648
13129099
248426229
182549718
143693237
142130059
21745922
8915675
6277732
18266813
149174206
38872125
280155366
44554608
133211360
55921619
7183570
305503668
263754080
50633922
49505331
293134809
80959120
222059274
148154827
107885247
3305944
3142958
978723
310227519
155526536
140710362
32151416
172122820
165297799
89465567
38519041
26722190
22234769
12401777
194117598
86028791
41724564
22771122
21545374
14102115
9748318
339029453
201374040
186924832
105957892
65582486
37274038
26750722
20052695
13211788
6087140
3506093
249279118
118761307
88926235
83234489
39378892
29145456
28484312
21589487
5912564
5785974
5463318
217015085
210387031
143257032
73388976
38611751
34685440
28524564
20379158
17227749
14956710
12188022
10421652
8545658
6754583
347213911
150402839
142295481
131839695
118289596
79886859
79174922
70142199
70072269
55189272
39514685
35048271
20948597
13037513
12406981
9075826
7870901
6379264
5182833
2334755
194369593
144110455
141023061
135863385
121383160
95536861
92239703
74332268
73542664
63724436
58785573
55535699
52487210
40852011
34426377
28722496
18577205
18024835
14171956
13981252
12200325
9424472
6949759
5415275
5024998
5019354
4014168
2984921
1302549
378395830
210413692
188037921
154752483
144843407
137486353
132703021
126765202
93111662
87374532
71298330
58201382
53484535
44240277
43907703
30586058
21293879
19155544
14884077
14505558
13287499
11977662
9647049
9495621
8636060
8141950
7109013
3962774
291007700
269976953
262499227
211386896
153584064
150253931
139443665
135892155
133889978
113439043
108891539
102463080
99728223
82227599
72804486
69589101
64254277
63829577
62912651
62589910
51208767
50972699
40423269
35224953
25309085
24771919
24771852
143137852
24186878
94617020
23123210
21721867
16289794
16013749
15634908
12981235
12346112
11166535
10721216
8172950
7863010
7367633
6615006
6142272
6097616
5486391
5355181
4942404
34432771
1676017
1547964
375699869
282999487
269782981
267924959
224061588
207194577
178497051
160098905
158620761
153593564
152638282
151820694
151543187
151018472
145316003
144689264
140200109
138650423
137996077
136460024
132721025
118958945
96184625
86815114
86251033
85221392
83711531
82033984
79690498
78905165
68131520
67347142
63024138
59165465
58406218
55743933
49459058
46500475
45146689
40229399
37358753
35899760
34407358
28069395
24393345
23916850
22029709
21396023
21359104
21183774
19911743
18555126
121919962
17389178
17283001
17257868
17083535
17073107
14271924
14029365
13979098
13555713
11752752
11118119
9373995
8863201
8460394
8043239
7917565
7625302
7586457
7404298
6562115
6131307
5727573
5496358
5496179
5080233
4723278
4603811
4533270
4258335
4210806
3621838
3500974
326447906
260112239
254689263
223942135
220994923
209109094
208236643
205994446
205925089
169847596
169771082
165883338
152267914
151469090
151121010
146717187
146289823
145147568
145075139
143750331
142401600
141859486
135350691
133678329
132994720
140298720
131957733
122367145
122324305
120309085
110377770
104249183
93941629
84993514
84566642
84418153
81508630
80741591
79139475
76708449
99872449
75514621
72951203
71719573
71265284
69095517
68523633
68203938
65161852
64381753
60317543
56469724
55919893
51777156
143589156
49478337
47462756
46112910
43036851
41793264
41482974
181073659
37664683
37026039
35871584
35256804
30884435
30822280
30055627
29918901
28546711
28293560
26670713
25637107
24927547
24392749
24189306
23022180
22155788
21908544
21743954
20529222
19931761
19832352
19363783
18570382
18145828
137062045
17531743
16699785
14658512
14637922
14334608
14135427
13524305
13277776
12472874
12407726
11768622
11490823
11341257
10806067
10464377
10453915
10233941
9801079
7665803
7295169
7280051
7021819
112892960
6885052
6404169
6329784
5965754
8166754
5864509
5778783
5417532
5173587
5091575
5060504
5005932
4859302
15584835
5139265
146579212
4547035
3861288
3494510
3390875
2506045
1487684
1474609
111970609
806064
343899492
317021325
257934256
256501015
228726336
215371290
214785500
197670346
192362722
192130235
184980761
184394275
183039139
182637726
180356826
176039863
175048417
174425599
172151309
160468236
159418046
159356116
156630369
151360488
146805059
146774765
146508586
143231561
142934460
139573948
7738774
370230
4456131
156785046
6620986
11193415
333777325
287958691
12916104
22849381
224289786
8846306
228267991
98911867
8439957
11367364
5576785
146427880
194074965
88415892
9378560
140651066
54967003
121251286
139955703
27068103
12925266
21783594
14462584
231628532
27305032
5867291
186740269
105561454
18379728
230388253
20726418
29151751
7913690
151950946
2066971
80914469
2817077
164386173
50668021
38219011
18587100
11861550
6019087
147722252
72286160
12440685
8529007
7588319
104287551
7888052
273709832
166783874
43241438
4055730
134970859
105185591
50728176
18042618
14895648
3351898
189589502
145036205
137298225
115452191
52257703
13363028
311308250
279226209
274184141
78385236
69129192
41625734
41202894
34837597
30881362
16933338
16420215
80810215
5728522
2962282
146261245
86659154
76823922
63592169
56029563
40758099
36525671
32342122
12500507
10116461
5308411
325119156
172374003
68059257
36030502
34089733
33274327
18728595
188510268
150776342
142658558
129646988
124027206
110172928
97258759
49795980
40706711
33341633
33021454
25777716
23451812
23131511
13919460
13711975
21721513
9804028
8892326
7903598
7659115
4178101
2471172
305684623
257233241
197387411
182838083
142359865
138240345
95905984
88118148
58761114
49668933
45944873
43695002
40764201
40614593
38868891
38566030
37870428
37254273
36154518
28363243
26815482
11877659
6939233
6308259
5685144
2703258
316569603
298488199
290847772
195475087
193585922
181678068
179245011
132197704
124414472
89351981
65810024
54704686
49600351
48555475
35454656
32685039
32382873
27823128
25717252
23497461
16852875
14952825
33768499
40411662
11966775
11750084
10722424
10710789
8907802
8811965
7750770
6560387
6053214
5932796
4604458
331639562
154853815
152953604
149092645
137295545
134057513
121330173
110925399
104036632
102519515
96719128
93589092
87762239
81684753
76558139
73233894
73147226
68064642
64892393
52721993
48700773
43932582
43112070
40089881
32401571
32369097
31226790
29899644
27789492
26366101
25920967
21602763
21373462
20468440
19705575
19484591
16803963
16692937
14679737
14624542
13974313
13734694
12961236
10650820
10631593
10470189
10022621
9819079
6517350
6268520
5309318
5190861
3925755
3601608
3422541
3289011
322563366
292030343
289781954
289294959
209335539
204276712
194321786
192758631
162909308
155134149
154229456
152225185
151334972
148136508
143706634
137089278
132146879
126914033
118958475
113137652
104633150
103645312
98114885
94672472
86762684
85898681
85306200
84721032
66586932
62160752
62023486
61682507
61531890
54063569
53434040
52026012
50769613
49447194
43015055
39515240
39348224
35722433
35399149
34628580
34367421
33557139
32460242
31978555
31306561
31285469
27943050
23861237
21096656
20879560
20781145
20163470
19449188
18785619
18155020
18070780
17620043
17539663
17219679
17019967
15912689
15324844
13057123
12871407
12787697
11752268
10946265
10384048
10234477
9936320
8165937
8073685
49285239
7908006
6671173
5567309
4413864
108609335
2231092
1569305
317999536
256914835
242053190
224282205
215922356
211252177
210129747
198741527
186804802
178394031
167795341
161919191
154758043
153042873
148045570
146173717
145332033
141310641
139830060
139488110
138360919
137120889
133605822
131977467
130319976
125554902
124426148
124357113
115741010
115244518
106130206
103509340
99966196
99381916
99346786
97015990
93190887
91797426
91467011
87835955
86785610
85379449
123884449
85362890
83731707
76210743
75170932
73886943
70332260
68388783
68124934
66207903
64380355
63060045
62337482
61929398
61497738
58792774
57160376
56690077
128052724
51252508
50521549
49263557
46251761
44619308
43561744
43559134
40342347
37738386
37595021
35346989
34716594
34585199
34225432
33718939
33595404
33386399
33068598
32287921
30222303
29755906
28810514
28715864
26360241
40781241
25565129
25367689
25295719
27539719
24789336
23814656
22150597
20826311
20767844
20232809
132166352
19802385
19583664
19316735
28630735
19190417
18633148
17965213
17489274
17207821
16836195
15456917
14739698
14473180
14280937
14145390
14143933
13925815
13890691
13702150
303367150
13125469
12247140
12037135
11990322
11637371
11451024
10946268
10247344
10241126
10080403
17073403
9615048
9299152
8850096
8798476
7646922
7573734
7279797
7110048
6676206
6166246
5678337
5678097
5677666
5381716
5380221
11942035
4145059
3342191
320158886
284985508
269368376
268561629
249612708
241144252
239000137
236003179
217569793
214940716
203695340
201764938
194224522
194066935
186517247
186234182
182394846
181361669
180009682
175791109
174836087
172843093
171917077
171081496
161541916
160855061
155489027
155165014
155147714
152933387
152148406
151675431
151300191
150178714
147138106
79663052
209397266
36264899
266618782
54711115
26712151
137181884
7771078
41611643
50757794
585055
99808876
11767136
291342688
343258504
15287809
38114169
75117982
23105723
101902235
70673957
237534731
48336150
64478559
38065857
226952027
173219615
120305436
231849701
134876071
7650289
64475253
62808173
36714476
140573227
132085299
23053848
138958384
67486495
299457534
171918676
21857242
36792624
118513130
58890472
36043174
83395858
66015852
50994016
26710725
80325618
61736931
283999138
153749365
73238495
57601868
51257476
17694353
7120272
156384838
139600734
42521338
20257619
15303353
13472937
204836409
160268568
145307846
106911162
83778076
54291211
23566024
7545814
235906523
144926477
138550684
122745696
64988240
51790759
45201653
38403992
27468009
16759236
12628795
8173534
6808356
252673723
172302308
130285406
124350298
124259524
105391713
86414718
80647419
62600703
58523701
27551229
26765137
22211826
20649479
18719799
18463437
12904631
169092695
69618699
62207910
44271916
31508592
23409175
12088640
276923538
158141751
143577025
142294805
136379354
123773528
110249897
108080703
66109358
49035676
43634691
43316344
36842862
36381811
28657629
28159564
20642202
20145331
20059706
18031388
9346013
7256259
343169062
303458248
219941394
152812127
145795115
127026729
96244855
82993287
69594808
66855139
62807724
56756898
51859387
51544953
40712827
33875699
32364412
32133561
31859331
29498196
14140803
12832274
12389273
8979432
3854490
271808413
162356845
159501474
155084408
152657417
138536107
136007176
135800073
123283687
118326369
95573310
89035215
77167234
63107567
59415744
55887615
50716898
49571357
49513372
47458045
37322029
37190703
34578245
32414679
31669978
29834522
22427913
21398144
21342125
18748741
15156308
13928475
13174447
13016289
12290650
11809778
11088822
52078621
8502745
365395759
281639121
246173988
239927854
217903613
215711495
197654827
151480080
145368290
140167057
137250228
132059483
122274773
121537904
121247327
119812144
112443206
99874588
95247692
92960728
87979271
87371438
86362715
82571465
74819078
74756208
71045356
70717972
68756264
65433784
65393152
63908429
56251297
55789165
54833346
53036699
52864557
52102729
38958377
38719589
37213338
34606479
34321973
34129568
32384489
32070368
27916179
24452358
22922654
22128324
21644812
19746843
17236598
14034582
12309089
12020759
11381825
11317552
11031214
10203054
9924516
297681057
292835614
256130381
232032428
224791550
219198106
211045265
209688340
199802648
186214780
183672479
182326286
176475243
164105204
152114130
151069680
151053179
148151689
146992000
143833424
141730851
141204732
140931386
139371791
136578654
136395058
135290022
134662608
134644347
134006285
133393701
123535142
120993817
117070274
175397010
109137681
105561461
103492802
95790050
95416685
95309928
95266312
92816756
119948426
91397614
88613498
86029707
80471317
79636812
76797758
70684868
64512483
62622886
60790009
57845666
55796804
54565604
53638544
50879427
50255193
49801126
44991457
43266677
40233026
40123131
38164586
37510773
37059599
36535054
36154833
35888245
34925587
34585769
34225772
32861307
32598397
31419877
31041164
29713016
29532980
28203552
25038810
23938691
23435208
23379593
22302488
22242872
21818483
21759343
67450343
21394595
19879490
31246385
19370902
18751028
63341028
18516317
17720207
258627274
147570821
16691603
14698945
14610486
13987427
349908427
12894624
12783190
12261156
11887330
11234365
11159463
11101298
11096840
10887985
10887717
10876916
10670326
9485452
8139792
7605378
7598877
6388013
6152542
5654249
5592042
5364884
377470200
306801573
299877932
292531266
282817630
281620869
277073867
268453849
260784793
256999413
244286710
234863848
225164914
209436635
206780015
205408989
195688592
193419508
193053183
190646579
189557574
188580427
178793736
178038294
175775167
174402527
169760708
166784016
166570181
164337801
163978689
162727640
155845383
154066265
153507589
152098940
151556472
147645551
147615308
315607106
145682488
145485518
145397300
144775910
144134346
143058480
142399318
142182206
139731756
139700732
139624133
139278912
139045813
138922440
138897860
138709052
138301318
138199470
138152841
138029678
136971693
136950687
135399067
135048020
134767820
134476376
134292596
134067937
132627462
132213520
131824744
131765142
131630966
130784696
130005859
128476230
126321982
125944748
124081667
122606469
122346839
119315825
119303678
117465557
117246114
116820807
116214610
114170540