62863882
13794413
38621380
41611643
41258990
371178526
334796170
3080346
36259836
339058543
300742068
34054140
56318335
5522009
101755805
21018
335030608
117928769
302417128
222099563
50681579
38371191
60405376
12291325
24266637
27259453
10668507
8287375
3086368
145404205
167322093
60453667
48213020
636449
70717972
281734294
10534671
166585019
25032205
6427526
3399644
197654827
156889398
26164476
240817282
373310034
55143809
100314140
25181671
124224110
301473216
52981461
16044249
155767963
26313232
6112929
362589677
20431161
213978020
3561795
26918622
115523079
235043
90274266
245433953
67167621
148287924
80959120
13983986
183407166
23309815
94212802
867839
336388
83885150
62707724
39539020
150178714
4638004
102298911
90863750
30542098
83220860
343570281
35775960
16927417
5489147
40930271
84249763
27490
333882723
44854571
298719927
13179200
91654585
747429
8619265
4610468
153710061
4337263
226337726
90763199
73705364
371996432
77518889
86288583
20917137
6042023
162715527
21254506
10960179
261434412
234025353
258916728
7192699
21861205
137120498
147554680
146432807
10716070
80307113
2867305
701583
12575986
128086884
448670
331330953
150098041
311866991
207122164
865779
8361211
2769537
89133670
5495861
3072477
16266955
93171279
47859552
462154
44298784
468576
14491534
138185263
2774275
10784594
3884171
9651872
831320
152588086
72603372
74376489
138182628
20442592
68439506
240599353
3383585
154766192
280331612
86626
19875499
244286710
1660210
26025351
243888830
3953377
85688055
5572850
50573155
714802
1555750
142540001
142742045
132561685
3576709
169056460
8316433
199163058
2304707
88365395
5060504
3057793
53366867
4903965
42039526
10929352
76263728
138709052
111814779
3511041
29208369
23639061
29551791
2243844
3085772
77707517
22784582
213053214
54943864
87414251
191688142
21661902
5356437
4730497
47480789
19816351
14593256
1262712
17811088
208495936
1598479
158820866
76876884
26198040
372980437
46215135
104816531
18804947
40614593
56515036
7962209
132510290
6448672
308294805
16841198
140085568
9321458
7407144
70408324
256902752
168998198
1202222
155224590
225354202
38039331
624041
21555914
1396779
99964122
174427087
74275915
97697539
16963276
226186503
46853356
33270934
1207097
125536753
27492613
306092
12528756
86251033
15314717
365303443
4013826
18451135
84884156
63488098
145911136
5535971
281109954
172694010
15070489
301917738
15982308
168155586
21899640
5168095
136392239
169582341
1118306
14403390
51425716
7048256
267790028
11931999
4561286
5127957
368776120
2448788
44634241
169789385
675879
4732179
3201728
38968440
134530361
131800570
312177676
139516678
196287882
10679544
104010748
19687780
328043333
10116461
170459742
26903783
1802483593818
53398077
133464590
290551060
33212539
210814
167972354
370230
180070064
135437022
147954401
25971534
13586290
53711653
31578443
214785500
1915049
14561401
135800073
135912562
38031548
63598795
35714484
13512671
13602412
185420738
12961236
203626902
14043073
15878638
225371675
24125839
4208535
39465122
354089570
59264539
18947962
36663526
3377318
832554
81899636
26373932
244449321
2509898
290162109
32695343
2728632
8103280
104385629
111039099
66154062
3500396
529330
30470301
24721
319353220
3707291
140790028
11234026
174189831
94057582
51741880
30246786
5158210
54303253
146892518
20014242
79204898
19865115
48336150
5078035
10163315
24638729
10887717
43934980
13503258
65581655
89877009
12020275
222474894
60144199
116712404
315103179
93926776
25374
83954799
7662455
84142181
299650224
24838116
237004
8858888
22847646
9760934
185433986
19555023
213157211
184258764
316246811
2219593
28593771
73144289
172676811
53181864
27551411
176397794
5921507
483665
156877868
94254547
137590347
8801574
67607747
3083053
75399314
292777180
24591148
347776
332637681
2795518
1199296
70504521
3796078
10407268
146298914
85460973
2258469
81810342
4819624
13192
353375898
15136035
3477664
40901142
213656494
24311974
307196782
317983624
33691178
232485874
125219752
119216394
50213372
189338385
14025966
41949806
1617744
357248835
135320149
121425777
34008900
730001
422941
106531703
15426867
133634519
5263858
45906852
37057531
263779324
94329637
5839950
31810093
4063750
6265237
24345211
93266228
85894195
3404017
40004939
150342399
30055627
167269291
16399575
196982247
13910304
164568941
37406701
225368148
82887876
44795379
32619698
25692108
7613660
224544
11982177
5248928
250753155
7222461
10290062
7486099
186318832
89634462
61906352
4675279
24355556
6865150
20733266
223915562
1597125
618860
3635053
358442318
138186452
7718174
3976062
144933321
8730536
37762535
291440561
42879485
17831698
50167167
193334276
36043174
120774662
53178979
13054683
171498629
7782808
806814
131909964
294628649
226337944
39308764
292470576
139039756
21108807
228340242
303922054
4634871
51126721
18866557
79095459
298518594
7785507
18861141
168199385
140054407
33730535
85986742
11367670
53885320
34816081
250979927
6789054
18793015
57260321
125427362
8236153
66822342
151867591
33680614
22484653
23213277
22428002
3403985
234066587
138960007
51624300
6158120
64236852
224519641
98580263
634737
16920001
18527029
75561823
1499946
364768115
16255586
9302548
5527511
1115346
23242994
355515735
3677041
113403544
19431092
172647729
84180476
11422578
61405110
139099532
13925815
17708964
254669973
19209612
4947123
2361533
165716477
233564411
93491134
117070274
10512861
104647287
9371655
176045176049990
23434696
24197207
37173895
2348750
76021477
5206804
2394871
27937175
23944983
201680730
376672471
12290650
313232103
121248
5496958
42483854
122155781
24019232
29029208
48833681
361995466
6552319
19746843
46280879
231918717
3740078
26511781
133589
50668021
169028877
8546386
8347137
4620535
55144811
10425918
191914179
608146
115834800
158856191
6357650
12890379
20437147
72398048
17206723
17522344
3185607
1175056
266409141
39190502
11553922
307335066
57101958
209869204
12101848
65511128
95555036
36284196
53500822
150721349
28795278
41028432
11645667
132802901
15431289
4655192
435619
55822039
162357473
139573629
145543164
3231958
5419185
34616003
6624386
157020520
10357916
60650205
17304067
254917521
177659006
88876142
50571992
8132978
17778750
39243939
4709367
225367932
174630616
3289011
2514478
10325508
153351317
20257619
266115460
86905736
361527841
58754365
70696498
13410501
13146553
183917347
175019878
50502161
123650589
17335772
58099252
736012
84809973
2993887
241199222
99458116
310595586
2287233
143589156
93243278
36482894
209315199
3674737
137605688
331590360
23342328
336368961
13696581
44978794
135338188
8170006
44926861
83143018
304041679
205941713
1752367
99872449
25754041
224153332
2488490
6109458
17939791
1450291
5216750
24238302
28500550
162046161
23977173
71447919
19087040
89861812
5274179
86979305
1890154
135875414
56817198
83788835
156291599
236992146
339153598
42958094
289468433
2174678
107456338
131422004
337521265
5684684
12990952
11204719
51975928
8721362
331687708
21500801
23472131
3107384
61961981
54676705
15385138
168731843
4912844
1060610
6120358
42210516
221321919
59552760
51889552
60062839
15691315
89897625
164268991
39286760
86839665
68495101
238228959
78695827
19096558
99983079
23286210
74434952
39031552
107279827
180407224
2004525
64766980
10344860
125620104
209605633
259778430
25542753
82421120
63573396
16490732
197583899
209599313
17890585
11455127
45675659
82416954
282105941
20851415
262582836
27127005
174996207
12507801
210738995
168464447
50070585
55096338
136007176
3298547
7781856
343175597
194073886
333492664
2522892
172014731
1383872
2907488
131137
143133020
231700459
420779
3447341
65183113
22021516
154319280
19484591
92236462
28424959
360412743
1479646
84222755
1228398
2501861
891069
3489081
357107285
734633
193689886
174778440
4876398
10720695
356878651
214849
34808102
20178523
22734316
7539623
85671816
227240885
147764472
118923071
13467080
204501911
2166788
6204783
9623710
172069865
25602780
8046434
312070156
305164035
5534191
147800049
1364987
2159206
123470400
8198557
268638128
43919225
5534958
407016
64351730
25743769
216950676
81396738
66649669
2943809
266206109
3800005
371721028
79081224
48369464376257
11576912
33829949
132228056
2458489
51639563
1864589
133884273
4118266
271273706
274409821
156370104
3367561
83422097
21021981
436033
30118806
113634414
21113637
17786280
12945479
149550971
62536962
360239936
22861218
210097103
113570666
1307424
605156
96063592
16521346
32321345
257730
4181310
137650527
19714162
224311140
277716966
332423416
9347037
264041867
249479826
335476370
1899534
127916
48428993
91907654
191176023
7848473
3475330
211598988
95416685
228078627
85009517
2556409
85417006
3696456
22635302
129559302
12878311
26712151
15964997
15050185
20015623
141309093
343047139
1160701
23159391
4099555
43856449
62000535
7058
72157678
448399
772049
2933522
172758199
31419877
18476361
3849098
147506575
148360062
331459662
49870314
14898186
48700773
68382757
283892757
63877432
7180838
340253806
215863371
282385409
20394485
27323534
31029071
85182850
211204311
5884012
102738124
11960352
11037192
4399176
142337558
19422867
79699979
19507805
14175186
10164376
1086545
16162782
1998495
20415605
235373869
20294929
112140888
216717838
2696512
10599716
18606577
152916035
15630397
45173339
109209386
41673322
144803507
15430796
140083205
2718781
20133584
6380643
302114213
2280932
292302386
124988807
37745720
12787697
991141
2501141
172589204
30447112
7096187
21787051
8676277
214493747
12398588
120045423
4645840
27836427
219750923
33169732
81280010
1280538
205905669
15384587
65245990
13974313
90358167
5005839
17450281
6255671
11805944
31305959
4638158
25792038
32461899
146474923
27509587
17073107
715741
60275693
240872949
148919480
19303012
156819274
204284577
56134641
355333667
10162081
262344098
13808851
365395536
145368290
216534224
97513476
6512974
47404620
99448407
35561035
163517
1483310
11923363
99041752
143433474
258222556
18642609
3617762
96659228
72488551
1285419
2877587
252511001
124957605
105391713
27068103
27151381
71520548
155090280
75032250
2334755
112228820
151480080
336665
228990973
31921695
203360596
6148906
17207379
2875761
4946910
208531492
163008981
14956710
282382079
236528848
43596181
122459
303187431
99615861
167878649
35028492
75295978
51746029
231263346
48101755
20870490
4044885
373790117
2933375
33579885
204756317
237779327
12381550
9383155
14320330
296040333
34721960
287400839
17684737
17324907
215535388
43105697
7418948
337670526
133360619
23033101
253001485
211669844
3740423
14509673
18181756
38393110
21392047
11584141
18117939
181461043
178894
145818891
303504010
129139978
100605967
142584259
33634
140134994
21757855
89528587
17520667
88300937
3492382
50507249
10209505
14064896
3614738
142748774
10892038
115809816
29226669
1487684
448193
34612924
12106800
297530445
31705799
138461366
1360560
3432402
48688695
156932689
31942478
500643938446328
101725
44899702
247607824
174940361
313264047
3117032
6175423
333008487
38457612
143972913
22649569
2569328
28163202
147692516
155219029
3077211
105857565
10495705
13586803
25670803
137125828
135729316
158320394
56139602
66762089
244062828
41024372
213015180
68281364
367925919
22220631
41049074
126883829
76965736
179875384
263308236
22078119
21709598
216473921
18302473
2633183
27651251
329718374
297810982
40437747
192890853
374507592
4465045
34950074
318272754
14473180
41107283
352007927
16118938
33434098
301547352
181086976
65607048
4946141
63092838
24613613
65838564
5773706
41647372
17303535
20376170
63331982
57100788
36618073
71112262
14094990
1281278
328433936
119953061
63480884
7303983
2123425
27900756
15736499
81155136
5833733
5336046
102630696
139463986
33217985
1760611
37347572
46144663
7554721
11953095
5090681
170287267
33663823
231176
95613420
31053305
207660
13734694
181636137
3294249
35631024
987896
243033884
147942007
160847688
5917636
101651865
365670312
72886205
146089989
30909556
186749312
305648153
2641383
26061682
49478523
55437881
1361108
11860834
84673431
19074917
367030539
26921656
7106285
252334267
118909356
195619971
174492340
1950962
133116013
18286252
5463318
2053167
2293281
156630369
125032
181457563
140532083
23636491
226494012
417033
14662036
7265921
2667907
34048293
39266858
9022029
22225481
1155395
252795
41092528
366246455
116429957
83367138
5137661
1616740
141628160
16392626
362689632
107489865
37691371
280623383
38361953
34839597
159822
89079298
46766869
5643690
12023637
49609571
2977978
9012276
62047615
283379
264609981
73521106
14078026
20354259
56705504
56392753
280349684
2471934
37342793
153397026
118203406
11342665
40843252
9759868
6294899
258353726
300655021
5786138
237645287
358030600
222590071
86706353
9707064
11138883
116451411
159453774
774913
6934388
63300380
181310613
97402485
105292684
200531991
79174922
15046
267662691
142524340
22099050
8850096
7229750
32460242
3894178
22772525
175971511
5761573
68639475
175620795
4658367
182769421
62417107
11553577
195588925
5839744
65170468
23932688
20747270
151462365
53031645
150895807
29145456
20688710
48524929
143064255
5272554
21407127
232640764
10446875
87316587
240190440
348371184
13040183
23271876
2698900
26441714
17467478
18337037
9678478
47458045
28848660
134673385
2267294
48804239
170876148
4875349
352935019
94731582
36632030
63233398
20401509
21833856
232576299
97285681
17046300
270901
126167991
1966501
33353129
180560780
12962058
34370610
3140487
121222770
2980902
11819439
31481034
3136496
19131991
45421288
3071108
304186112
86950809
215102176
363220354
84875823
136230293
136655917
29333570
4723278
366199469
45768720
2063241374665
331453898
2013294
32742822
66743072
1976104
13064082
8181040
8839552
12832629
8906420
8543105
88636582
143920201
8372040
147995013
200234579
305124969
160915078
30395559
48873048
29298124
139874413
321603981
29743292
1435754
144207491
5806703
81754168
21902170
227851
3649895
155049590
12035846
14907831
18814489
9744484
50500563
143390094
118931017
11971576
30910085
177880635
12030385
16859
2931621
4746271
132854686
230066171
9553637
118439540
266307045
19189705
140163276
160117058
135205111
276691120
36032149
35186541
60863076
52280
10366844
4529329
4932084
231284378
2108554
162317355
18608572
54337377
8120373
62771272
332583514
59701449
18148040
93896070
2160379
28515272
6328181
181749479
30240212
3103347
13613307
46892533
12618006
301674679
47303257
1470627
147655549
51507105
236036207
4556875
268591495
3136321
224438935
231201
344778868
24863382
64988240
218604736
142446321
78033575
1309196
180578510
73233894
235647940
8798358
1787094
24279
169118922
24186878
8950462
234764858
308493921
3592400
215594675
103038
2612702
93826075
15934977
99911180
870930
4124998
185793432
2730458
166783874
39618167
154423502
3914312
244712958
351657481
9484077
172320197
5229495
665831
266528940
161624535
357795406
2182372
29278082
18785274
32361059
3881446
143888412
2235963
143588176
1346300
198196529
225110973
7930256
50381411
150959799
23676704
1161581
28399950
137982721
106662493
6398984
6984
118170000
252673723
37367066
86238999
9278928
2786047
169381932
142326941
3426178
3963316
84835183
3583436
25867949
2975789
30657582
224104297
2529051
174438197
48323916
144340763
324579090
32671833
10459861
39832873
117825980
310266498
13711834
105605506
332726241
292865036
143682399
17205025
233771395
7630597
25391990
9597401
24940484
256804199
8816697
142167067
199587046
37522201
169420170
2693443
152290517
51353498
585465
168442570
2517458
84440
19577206
22239872
366613110
7089973
269568299
149030107
146656988
206634004
17242396
59138545
324576128
21080486
404999
221012595
139090879
248938334
154490266
155858410
174848110
71173740
95302485
23544028
274811726
24339971
4103222
129637
152459971
69931003
43933936
10464377
203059949
40831240
12869858
2849160
224187456
454939
17422705
9539840
155845383
58315743
29623335
181289699
684571
26370828
15470
2683517
321811058
13311870
52643839
105243831
59394
65664
30477692
139729820
55835641
160839193
151665021
143930028
3540722
193984902
330696975
12050979
278034438
77973653
120521001
18334758
70816
85843488
156985899
368625201
17090588
48837389
147465
548500
178339938
12590743
137586222
124363130
135427892
53573020
179997791
42075714
20045317
82704695
35993454
5127541
141947071202696220
136086654
5315310
6563032
6633295
19184366
3543406
1998212
275678699
25038810
815036
65368396
154647440
242046894
58574507
3321088
165306040
37931362
99014694
14373732
281534151
21038378
294205312
210837465
22206838
19705575
139731756
53562313
15231846
61283147
233138686
91354948
16402898
164747306
18676845
139452783
234792798
298337964
93849150
178394031
231729801
4858
230284776
273933800
262013824
150266491
97665270
1004922
36569862
12832274
164387564
144650117
41629130
242852
192249493
200092185
65981306
96983747
5191461
165443323
125959746
2750600
72856264
302344406
17673885
7555108
22029709
215618509
613907
129903673
31959631
35249459
177189492
35862070
4370586
4195536
37589584
119729077
223556547
13363028
205165015
173431319
263508456
82693062
31623386
158541956
2871197
5177469
2912982
100293167
7716105
53053502
135422194
7470658
39904705
59541315
33663936
257531956
29235773
298401179
304711297
131992575
165743473
101817241
58700867
403958
321141179
181943717
96340209
954740
176487957
152289682
38959332
41141362
24946118
20655496
268167192
21861907
8378776
144084191
155810370
19024636
6002389
8580878
50633922
6879385
8046292
19233430
217136512
4901946
42955440
101355052
3296856
2380073
11313964
14866428
163097157
10532278
228388799
19021204
3472681
6345702
241431853
265940612
2073054
33979852
69698992
314763
209072
199143024
10408565
1813196
26503308
52721993
103050702
132665426
1638989
1726123
19172603
115243980
110932949
195522033
120481549
1774336
13215330
54390
286453227
51232425
22151394
291007700
249055548
35463247
233218977
11176561
6534093
50098515
26497992
4533270
134443878
61360431
153497302
58676262
11791957
36474574
230537
1152437
2069256
130285406
5624382
5296546
47056343
146804601
5002482
139005600
357296414
86644632
146579212
94253939
2358835
278185
38163030
11908462
35119848
5636721
268419949
50965416
104713373
54584381
333753792
18925778
5231327
6075438
183556995
122484705
28557604
197469703
151121899
49412818
5328107
1545758
105843504
13286197
140020323
862861
3334385
3766173
95864039
72551
2606885
649593
24759437
273519051
15687288
3640303
26424615
6277732
50672869
41574187
134867136
11498275
50935356
21484061
169028
178814967
248729363
87963588
167929326
4103507
64058337
86402279
8710787
5944144
2237842
232804634
9746325
54950655
20542678
184538445
156796793
217130349
70772259
322577366
296547036
16714985
251631524
22339935
9882912
180323145
216158376
42932578
226554704
136050848
12939597
569124
313753762
15599766
4173902
207054707
45074011
112279978
201678264
143914915
175791109
99067135
82541923
94572752
21595118
210639381
77811861
48552852
211972655
34589896
54670099
2226979
21338151
4156318
18155458
171274856
1889433152041527
217187372
2157004
125194
8396733
80577573
169898159
866843
243446530
18699611
16145017
2048716
12284021
125853293
162862501
5457892
139762903
56629280
158542002
228287942
23709965
230403445
23123210
293134809
7565090
210496091
87371438
978723
110830140
65122942
16621373
32335938
63659603
2161798
335239794
29372854
112842298
46414674
5854409
101026679
10588289
33590203
92670366
329839754
194321684
182907466
121883904
79451513
218006322
5422227
72417977
33292311
7861988
722646
247111055
58792774
164374731
230278194
6077613
29713996
125386390
132117058
92917577
303879646
291820048
14658512
265063626
7985571
6616339
141106418
10450512
6216112
85703734
3731937
2684480
273435686
5232601
6097616
78156182
47074938
138229397
80725389
87762239
92171520
265069776
136687411
7877287
110725944
136995933
222208842
191360328
2977987
268586431
20767844
4483097
208660375
96695642
24216252
232890993
82042340
1385785
132661645
20234297
20856548
19134221
94846688
374445877
4008254
245964063
211668093
83831969
5307572
85707370
225058201
86008289
141141617
27261676
1231377
52318617
53624311
150439660
138323395
147633146
159896739
8788835
6578929
202572329
49793751
33456586
4261378
2087844
224061588
173893441
385478
370303
11596505
11816480
18812091
26765936
6131307
34032584
70505906
2331598
322422369
136362103
143356613
314509816
7334219
45827972
5137845
22414495
95475883
116101392
44313
50719032
20059706
169646796
85769905
273911590
57459527
51586000
27090585
64892393
416923
152892704
16048729
339212371
31041164
156592764
31692445
89174016
50011473
158008160
64896501
16222473
12237316
308832
9885019
147705679
134970859
400939
168305970
218321802
37147892
114276015
260963039
218794202
7323333
56112897
7467422
53142972
248085099
40528245
266812517
202180
17050058
256912724
5668608
4408380
13277776
3132737
110944547
325126681
98249996
120393092
35325631
21508512
90593802
120993817
346910640
368276768
9725854
8911444
71506167
5500954
23922245
156814595
5338560
16148948
2817077
9256703
147880513
109340
2734273
12407726
125630300
136553523
139512692
91435752
72432901
125124029
22818187
19940928
4562421
175274827
197416677
9825117
7738774
18862
93904649
5884751
85892311
140334082
16785946
239666240
113706159
215389446
221167966
17271399
316132
155544661
215463405
2463083
39734266
25958958
25788848
152577768
6050694
162249562
15962397
12967157
57886473
10406377
7430336
78898450
28537143
12062383
180415250
86158249
14813221
7503157
13225221
139801413
4556506
13083720
200957230
4848875
23581618
359589481
47404148
1831871
62042432
23855447
208260131
17269054
227832606
50056537
30310881
56644541
16707021
24162084
186891372
154935532
30522572
24490178
134437158
2165494
75805287
562622648239
7797870
82320350
51275125
9536384
2233688
24577742
151543187
16804226
41914790
18797861
137807410
1572714
1866382
68585634
10622452
158087109
139719193
133329986
4852409
100403142
56319403
820902
312652354
7597740
11651411
313376303
1051959
3235
102424793
76056887
20402879
18061506
212683234
8351290
143946837
142100955
249738581
143991579
30904544
41861048
173209565
36359677
6382451
206415074
106206591
35031997
16599623
6747755
242205067
22866782
157796
82087906
101860491
168409795
302484082
369030474
254234119
21908189
863540
8778412
16694558
253746686
45482645
69127992
14253152
65973744
167608711
77002979
881273
31422187
8130695
12550135
6097662
24780769
836640
94228130
55502647
6776705
3720217
3239147
27498628
158769441
6837531
250823638
200120270
22088133
305808
14480228
133825870
32039978
59109
18303430
255077216
11962503
10872524
414606
5897490
3213751
62907429
199641008
1909875
163202108
282217078
157826970
14209398
4916557
20364836
113559096
97258759
8978461
45843237
12158960
256041935
97815709
336728156
278398607
75144077
8923371
334493220
10782834
19691099
5942483
23249975
179056511
13911563
7687032
353285818
30397831
53304923
15146008
12716914
4425399
246599834
23545701
159965110
31320789
33946267
112185298
38370947
15403499
175784496
84009839
45026124
509509
158385366
41646289
114691299
1233163
49464106
6412284
191641540
85607185
16008978
17526644
142399318
18102399
148322564
124586061
138620938
299928201
578497
145850258
44899690
13469775
21679077
594679
13930533
5385860
38647639
41035457
617821
138143060
51827845
105917107
235269595
274043621
18560193
22568139
959882
24356881
41686339
2873761
5387770
10591320
180948953
13817533
1871577
3447348
6276814
8269011
87290202
51155373
59144531
323276100
354692616
18644469
5267087
21573623
31048954
112600201
1601219
3292764
51687015
24531102
17911729
249492586
3419004
190630765
85290473
139907768
205368016
147820368
2238226
13979098
7852639
348694772
95670792
1955176
12989835
319334764
93052715
63924703
7020842
2023110
53534354
249319471
203216850
231062034
63592910
37241577
235332133
64349803
68911175
107985201
29458193
314377669
5958
207199323
231495016
236970562
22298800
279300547
2098404
59415744
2871837
69606111
8378202
257529962
121138464
1602866
118779609
154035629
88115899
6226247
2938241
5387995
15634908
1551267
158166816
11750084
134022849
118788855
375574776
193585922
85321510
40815808
460760
11814551
120073320
38079761
8454357
1120233
112685415
167403881
4366702
19449188
34585199
3677705
170885868
138259091
230388672
134250182
143401579
244620855
37907633
154542075
47830984
42515731
218086819
20826311
60834669
118714003
293556826
68731542
6903960
64361116
13012764
263643070214439026
1798321
278677007
81268908
13287499
4217064
48194945
165899774
3589141
26416816
63161
22445347
166734866
143446908
4657255
234683
2119649
17667879
68641716
286607
16681268
272033644
199120982
22785548
311601648
30897069
184925
789088
20403923
11837560
56573403
148154827
19417334
4273587
214735466
22423395
1966793
201764938
6449572
26701930
8921555
321563532
60523
113370915
53609142
18250151
83408090
126210236
1126619
131594464
38067384
293483538
6652790
4130737
61796291
11096840
2195155
1487805
36763466
185157387
11651904
447194
1899178
80681806
1761857
1206775
375454184
38741111
2675647
334869185
14449217
39860405
172238729
66851993
220205925
78313714
4793567
4129809
15443940
4095523
92381653
81108880
53156652
31952486
204117196
260096723
25281857
132771308
78169359
2028211
2541538
3473229
86015330
18819333
238510831
234988225
7277261
270515009
208040575
135603519
34184817
9830059
246386830
180216762
610619
8792674
48088732
172736138
18346976
53515977
25647602
23885762
61307486
2333677
18110351
48588307
19751239
67551202
123131
17939500
154337452
211032889
151680757
114534938
5236987
154657123
116745033
286253093
6224926
181759855
2785120
22442533
97688867
2180741
30147627
28132588
1708735
2459598
3506704
21307509
345740244
87723516
10553
23657524
53531192
804778
286640970
296979
195888217
107949961
16420215
116442816
6622612
85456259
315016801
2302090
80772338
70483800
6067366
21102285
127832986
149064811
206911679
241566347
332694880
57928267
31482082
196659253
208773161
266789
89316611
10295297
1160056
1972788
1517609
29918363
37022110
2781179
13653543
27283312
140786089
223285833
134815786
143406945
5029519
30387045
19262019
8447481
54736263
29054198
42835204
32637343
17948672
29827601
259022828
188769720
141718707
9038080
253371538
330735911
1147781
151475195
131771102
16454449
67721698
134600153
271089876
335983844
100659768
32719638
175064010
95836721
119226236
236724267
53048866
145499143
54462319
13613499
156630263
18799628
237027346
42147768
182637726
121818892
372403713
177160668
147102352
20783509
4053603
6577874
5134371
261411831
246775503
155356669
7800900
145664836
10770509
5822314
244432571
138726641
19093518
339457279
333980040
239793
27539719
6222756
28866012
69381903
2320783
15597224
295273377
21168772
82598519
224962726
345612364
19612884
92920471
16566564
303417724
91871594
51677719
17707278
310714805
371282
216847590
121673149
10281038
232128963
175491998
304191583
54813942
16708501
45212272
94332618
5866484
363553758
81837595
320327926
143371650
6809398
279745908
43459536
366538436
27710885
184529526
18563101
330128707
3614450
3807869
142817537
36888145
194305
32244971
10247344
1331120
1842432
205358027
176628179
42838204
11291862112686947
132268397
30413602
143390998
3111330
11892923
271808413
50107132
187284
60560144
222278868
3645358
71856012
18199991
5532159
19775089
183555033
72800352
45347782
25639721
3491373
142683111
202320745
9618165
12992969
185646609
167833258
4688449
6329392
6861346
82762385
20291884
11904623
27194313
109509886
16464687
290011642
15242559
153330153
8205348
140361251
303822948
301564334
236588631
17891686
144205833
98405604
311855633
288789461
220214448
27082430
143906279
356553300
134773119
84729983
466302
88907561
222887018
367936930
319110843
312287152
13688933
95128436
50684146
69203232
3515708
155517086
1814200
31669978
262830053
1088978
13791387
18175968
159120296
3480792
22838820
72806761
174402527
1684495
156812891
209150240
152360051
196544703
63704678
142058512
24120653
12188676
327835104
228073
166124157
19184565
15767577
44712467
202716505
6560596
51347031
242031542
58090789
42307971
3911763
3637559
164506965
22491542
223653
3341922
173797545
3019419
323591460
131704932
173830090
57720221
188510268
37396858
131742761
62160752
159907355
180095544
12633777
154856634
208197012
50375338
16060564
60834616
199675316
10719704
12213374
995418
34965287
237550419
50278894
204276712
58302944
73915
164475805
132393778
55865626
137783112
52665463
23868658
133064185
112088608
7675839
7223738
276509747
330762067
12293889
128022612
53869644
244474870
924981
63210995
675914
62808173
120955546
145440016
6591759
1823904
75884534
5099097
30736119
142948465
34800497
298396803
8344990
168542367
7092321
11916992
174218459
38154218
154009264
269733
66293323
3198053
5837233
12681218
235036
37274038
55282834
206751478
37232945
159781
220285435
292432255
258196563
18448043
164098444
1723632
135525871
253774746
23469721
49513372
190289675
181064299
79806371
9485452
141054547
157204736
17108739
2606629
10008872
8576261
99893589
38311862
6304997
309283378
139165942
98699919
147629412
240610609
12383278
12620628
348820984
38093923
16361993
7559066
42569016
27596795
233076534
6692247
58911888
18679801
6142272
19113144
151311368
117927759
20628773
372426748
16773814
178858581
49532669
78970194
12033398
245707537
2008001
108182718
3684317
117280449
65097409
313946
205300979
301037362
228476
2724554
7482346
294521483
9804028
15882031
6780345
3572645
220936256
88605453
7870901
3401310
93000709
136456772
35739454
34954692
314418
100726196
4383292
85264584
167710100
115963292
10249588
10286344
7573747
56248657
50307946
56765288
2660498
15818493
179935708
135062744
50374683
22158690
328673503
27327714
37784442
63724436
155084408
21172083
251681288
76580889
21280166
131794883
82392362
46976575
48799900
78351452
21711260
68079192
79576048
1016845
146912872
18361854
43008960
65838952
150475421
267261037280454242
521173
5127251
1502387
3210113
188081816
925685
3428401
129787187
332957945
24758410
138099762
13290883
16239665
47554328
248066028
79352019
2500906
26284468
48728353
323875500
160661
5893781
424013
11203526
49007729
71320379
20257237
18006066
133663437
6399961
144517
72245162
2409035
332637352
1039307
91878598
1449704
7394038
140230087
181792310
39927105
264221710
129081970
174668488
70357405
34069604
21749051
46724165
6956429
2931178
364079017
150604286
9334655
55890328
33338297
8088331
3615039
93010432
20932213
13527708
33438702
7499449
22892705
55479045
29640736
171064165
289864065
21220901
11047573
112580489
238790172
10802011
2322108
152061023
95044065
8852636
20529441
23532039
3214094
2705194
145463143
742281
68125180
3087380
3965001
254268360
14679737
120804248
334557252
10945358
94529855
11653771
20799694
8279977
46706967
34274098
136061864
93045885
10410903
25741055
5770997
3047437
4169700
88707937
87213766
2673351
69010534
33442133
243021638
296784
50468158
8892326
14967291
3918128
108548735
194098650
10205217
35296026
21387996
7481527
135261759
19602169
8960046
32621035
23259292
99401458
105185591
39711921
135168023
10672589
21207974
31898384
171918676
101628411
76950
116348476
13057123
85279685
280123
36338064
204056386
319220097
1914603
2879466
18345005
52349549
367044267
139241043
88374606
36677381
155301521
19596589
28334579
21269581
86803241
106752021
50334096
533385
15159781
181607566
51646860
50018433
3699810
34521335
9669959
2797889
163878704
19748763
143456676
120223389
476348
33640719
138128449
26551912
16611
4220015
154285249
212828458
35020940
162642100
55065415
58957561
168513879
76699512
26601395
632273
67393068
17579349
146362275
131560321
36172833
103156594
366887547
285934001
81632255
111202322
51749314
75470143
27273428
55905620
123573231
11870024
79343749
35954600
23878
46350930
3858596
318821472
35386955
377381986
8664347
94100734
347556891
144034806
40327075
6698231
148406791
264730874
84102363
86373760
133030854
141707141
41278334
269976953
364713579
12670104
70914766
2547154
71425158
95593122
36258793
190031841
33880604
3469573
4097464
4493088
154270828
7855252
83391517
131827308
24213576
19089163
274172977
40884994
77918183
2803246
354144
1178052
3600729
55714161
22866902
24967516
210050337
59844
32761618
25857338
188652717
37827
134565512
4017186
145994467
61712709
182908157
10725952
214693423
28041929
1567194
13580214
20786413
293912466
8337764
7331540
20688023
11268523
40510731
44123
4327538
5225039
3678867
3263557
91205141
12475564
58806441
8151601
249872659
1584229
312887277
230189899
76683472
15717
6101203
56456208
196070388
4376868
85389173
143185565
283399901
306208195
67584554569814
51671297
2876566
13566208
50023730
164654404
10806067
111297334
161098015
292905701
186847
233371958
167881288
134360367
135738264
20405394
139483641
161553374
68061024
71933900
93311561
142914186
390484
32980110
242826
21870309
5730909
4677887
20948597
3841720
96631374
6281624
35940531
58473437
28953958
39920729
55007722
118205709
95388765
1465536
898078
254272875
26852110
85743405
66825089
20496533
2731607
230842429
13941025
44322556
141045901
296485188
69435980
334018
17428363
89975151
175833945
8948863
158846485
321853455
17136293
46411441
58253084
131853120
6383263
3975319
171980835
7114471
51540082
6536149
152343058
38571709
1973744
4161612
33980743
183302982
158888933
154193293
173670048
310294593
349775943
370452001
5623555
66848757
295463991
300644675
192189928
3544194
9796491
1097211
1529577
86899340
1994931
143577025
65576503
1804225
78646792
34940309
54061760
2663803
39856276
307712157
191483349
3422541
216163829
2001441
12309089
28403213
32070368
98109679
4831843
49921623
79667446
21575271
106673902
276020271
231407872
196004962
145115822
333256464
4480168
29528813
276225335
52607741
25633439
93303807
76139532
311045714
178279771
295455165
198871369
124678732
259108069
191713265
2881557
4243882
2799510
189930776
36465589
133889978
24961502
660936
16911185
50404334
1598327
19137583
86311146
227458507
714028
208558708
90151034
60507604
129574
93635
45107832
270686339
219941394
216726905
157551121
84786644
25674481
232117772
5591521
222397
418634
14462584
75078
152677331
2562603
219547097
2444502
237753261
36210237
3803684
1520956
27481165
175448258
26427482
298183200
8525422
56246829
138861667
11915410
6805884
72343244
69296038
2616886
17723815
275214656
56103097
9328746
90558279
2416640
166172691
14927328
203473935
148151689
118196083
58655238
134776885
61882446
26233510
255892
10659348
21499777
108879198
312884312
287968884
189526574
191874489
316704775
16252665
21437413
155076988
583230
1734749
1012004
39460003
14617860
792710
4694308
11079912
5381790
637912
14505558
11966775
6497740
1474629
65008172
44376534
1759745
83081837
225823385
44846707
1809430
6102544
2720583
153261253
9619637
50879427
14140803
2309152
186889399
193789103
134241325
28765940
40202838
18786360
295292986
12360565
30072323
13871290
20622959
138203602
70056890
53006044
12338073
317276681
177698738
9737273
10827902
5139607
21394595
43265918
70711057
484689
7517
134662608
116744907
42360081
92725704
353377881
10202527
38164586
48104505
146427665
28366636
51623570
5670228
137687509
57410588
3357050
10206804
21203946
7109766
1013423
34585769
35939855
13616466
8933932
16749483
47223362
3958281
300981627
125154645
335538842
357811424
3937889214026140
50163765
3052280
3980001
22766938
2530309
421442
1556271
19713132
2150649
8199888
5654249
43407083
29426001
288883414
3147912
6730823
136355282
9450237
372212655
94114
195229530
174363326
13530352
194218903
18467138
19046731
33357496
58795480
48237233
1186826
138591640
150880326
203281
87581933
123902483
5186801
9593037
32577819
65000342
78814854
1703473
779226
2539683
86749890
6697016
200241392
181571428
217623358
33826195
6312940
123585
100430795
99287211
65562836
42708244
4017588
114743157
249921
22625712
9615815
13462798
75640543
15741316
65184442
55163616
17219679
72257411
15144521
143533852
17799972
25027952
27281718
37455396
3601608
68691781
6758272
25549547
11288680
10534859
11583209
279746677
144271877
15429809
69975631
2923633
125672099
735256
165606546
16625554
123063056
221655529
77016030
32689074
260636850
13019846
6679223
5543120
132166352
96923343
1184236
220569889
171092264
30379760
58395646
48108453
38005921
68144728
614874
2107086
15581911
38887002
47680023
173032677
2677363
177370609
16641094
31963754
267040671
69929245
50457488
65666765
180803112
16815477
79733590
8922138
187043133
316791675
1360429
16946847
94027498
56458089
94474238
3322998
131842539
26077294
28536541
35499933
97849027
44145359
67971347
141678915
3012278
149896
24919999
116201930
283489
1890936
139696622
1842597
327857610
12536407
73580317
64765310
3642909
4420018
341719590
244714639
2072979
171485271
2952436
5734493
34934625
5580399
69649664
135111680
168688126
53293032
4294288
3643125
36842862
289489698
9034000
305654252
72332139
23749398
49362406
105552334
210619988
13424820
361632496
5976774
582229
306703203
23162658
8888163
113150558
17738623
79090490
614302
66218026
162026640
19944489
19207404
82141024
2612528
2018576
29582830
709256
283575538
70398542
182170414
2013657
134163686
11002613
728104
211045265
6862513
35399364
74683358
238208691
361397312
13276429
41797896
4203738
3059044
134014853
93955139
66655777
153780960
215954379
90957867
3729719
61870117
143102447
214990585
164580198
216001237
136079828
299893849
12963923
158659358
2891432
121330173
2724893
96002632
16818331
139251177
5686115
37370585
1041059
65888830
15759922
10865440
1984323
48821
163718
147508882
47276688
9012543
153263177
20033476
229968328
28848490
190330668
276884394
4009226
172302308
21278637
150965152
11718627
284590972
84814812
39867025
4866057
3562816
190169464
91797426
17196991
6520070
119365646
292377671
203472014
3812615
3070858
17354055
277725850
134281705
37001358
76252691
181918404
1221487
278803330
614855
72932085
16137680
19412763
28293560
128052724
125810698
84257644
16690752
14710937
21279427
374944650
5199341
5372920
8416913
3763586551831462
1607384
87285758
23214407
49668502
69176
205067278
52405723
33548713
43318352
19477812
336817520
240466234
3815304
2934529
221813335
6516629
24363944
34925587
7279797
8024990
339242697
10384048
259336931
26765137
945897
10091161
4208899
28616236
1656324
80946015
5654808
9641293
268674824
20037981
40283754
8342113
2776246
38548026
313580096
125368046
1919323
117649269
12763918
1574727
180915746
32219542
3752968
58988094
50155446
22016108
9242415
1205694
8934283
332179918
164383972
2775729
34428669
105154386
8070133
247458
80293584
139389198
30489375
3408806
49461277
142130059
65267717
176314615
198130929
17632914
17171157
40807658
23242538
282798580
153778968
9486197
309897744
939383
4403088
143047370
6258511
91904956
24380880
1824727
153338216
561321
28551071
22369928
365661169
5670016
22829522
10884505
5480072
12520629
1572643
3429582
138438631
44215537
240799
218143255
26550137
311114205
28630735
13524909
75017061
1921841
50977489
8077827
84362943
32869043
201253926
11548113
25063118
40894106
295335347
19417846
6705588
118513130
3506093
3501977
3805913
73766234
3912978
133553155
264375477
26229546
119596771
22303818
19753920
250410591
321361408
285050413
2091209
54990139
17724413
25422433
125869
43695002
121719709
156804527
131603353
184755777
25644003
15286409
1306381
179950872
673685
41272760
21812513
21398086
149027541
6264828
75784390
77061011
14862043
6808356
19782161
4054970
14421116
37578759
26724498
35899177
153450728
76215501
4439839
1424646
126256000
10421614
149196628
129412
64713266
116601114
17658316
1938070
341103414
20946574
38802677
64939695
125049457
1035512
52255220
10100793
29266691
61287152
173352612
43043110
15551860
158125087
10880118
41945028
82577656
1229283
162130797
4719506
16415659
21436
132424108
527417
32192883
91844707
9012415
87162303
2117856
6728255
66151975
50398333
11607253
140185687
4491113
28411392
120264739
160460716
115444074
38290399
88719462
5741517
75727319
95247692
46865486
284814616
5957116
107545594
368038879
10891550
1775297
39016319
101276666
164405112
39291719
17620043
31748009
23476
22373046
144909764
247820643
97817642
31665804
20798636
161036536
26174351
68818059
276778749
15108399
11895386
6615006
99555998
164799980
2494825
89450318
5972781
337272594
57616141
51344687
2814104
4953425
166614393
18065943
16379031
135236410
42776721
208236643
974105
693146
164849814
64482660
57364107
177097111
113789662
85777445
165199867
43234059
232068385
50264308
38755018
37201887
241031630
181452465
95314442
123415893
3426044
185944976
1659429
135504168
1825647
10356029
8058519
25182438
1838894
354951044
374385556
441725
71211001
488570
66959478
2984921
6127068
50218332
10328437858661928
5839446
27726070
651252
31673728
132230362
14236203
158527673
4006948
11580822
187235218
287958691
6217557
354369572
143239761
11714283
225058429
2745275
34089733
138541121
176589975
8093461
74289426
6325053
57850357
200865742
52061700
117915056
25637107
132813727
3017131
2040075
229329217
34688753
323912973
184251599
202002005
14479651
188843751
23261751
5049899
5575941
137682948
240476725
33541841
5663386
14194822
273311277
52872614
221711729
143030758
277020778
14269880
30793071
195604453
186984568
158221037
795116
28976300
78479907
238951086
21103175
137749749
91575571
2237635
377006409
186429291
75676487
197819371
284676494
23552536
25054930
59174035
140167057
369638431
331783979
3317698
186059862
28767956
375807656
133642435
250247122
153848813
24598959
3740454
1836990
201266964
7109013
33451014
5383966
3891833
95571215
39825679
92037155
128872504
122452701
47513350
31720318
17100165
370139427
204562820
286470409
7030366
288786846
357772020
249615199
95908535
31887444
3599468
197555664
1485917
156573316
621658
60806972
5275850
10161162
19703284
59145656
157123288
58586906
154574215
20454739
136919305
57905238
2728287
5235190
1884086
15166774
167343514
1909769
17267845
171738293
96399855
6145817
151732742
7935608
11969096
20443265
112223864
31410302
152560200
236181
65031344
85898681
263062258
82846298
3548229
163008861
10216582
43062862
301687
115741010
263998470
178216
139607035
53106912
3021814
889153
34241272
355504484
68726193
375455339
371902018
127689145
162909698
334776751
4014168
18396923
182006598
123620598
222169512
374763
20152252
940103
16801973
157060508
133614300
40160575
2524629
168918945
75896113
4683344
2610406
2478775
181235824
173687607
160810793
81955431
26437797
10564775
1661981
54461981
260974213
55440058
16964999
210899192
13361950
219474
336085888
165037557
9041588
12498872
124734435
7528755
132761323
1769411
19133546
130507702
269125771
366622621
296524605
141671998
3501122
189396546
144978211
36188595
2175476
16824415
53077373
5628371
369223389
298602805
359222052
6368264
79938862
1943759
3285391
104961262
160792274
28555790
112153510
83509020
96979890
141325284
23382925
145422913
1683960
105377014
20506931
270810672
109243135
212969924
131957068
89537057
121783814
342323451
7840766
130732563
18688084
166259107
29296768
20878508
1688415
90641079
4413864
46178976
365428194
192194713
319564551
231791479
16583000
181377245
258460828
53612889
1142438
38501516
254428414
13241109
1023065
1851329
170170258
292026957
359045215
145934405
8179740
18619482
227756264
29096183
43618466
50250138
6101611
4871630
2613085
343258504
2415742
5123960
159827245
264587469
12687890
126463181
16067933
158192292
97155356
20264824
122140252
115027902
328390706
2696754
96362582201296089
135126386
94617020
142527293
19215120
318265150
64661660
2052484
313390713
197411061
133959588
30412113
3423434
86357910
65604017
5210814
4856919
62318060
146947639
310010779
212707000
19414576
11813181
147957749
35781628
3666139
140075547
28701986
116910148
9458800
10420282
234955664
299137146
236084124
1775057
31319498
74473642
82310544
1262305
39744782
84245627
56572845
102809537
124979067
116106190
22590478
183628050
1164158
4055798
3478425
88446487
775677
85707881
213367738
159299665
230754552
37849148
18607433
55539629
30222303
303328858
228345335
12308698
70332260
2815324
34197434
5451931
185193838
249555893
243102657
125024877
35471793
371709286
212002854
3852888
36237857
364513474
569305
29048077
283288587
25062946
331656184
178979596
56031463
60583764
5231941
17302043
96309412
3302202
13154354
7954700
19189881
5380678
179445790
1082247
259417348
27186682
86115139
5723431
364444028
261617959
5798022
5418858
202838157
11746769
41206690
123352610
52038922
1566051
102112857
3492031
40503531
8047095
52203776
42077596
4935618
99074697
72543901
18373476
271604715
18565174
7904746
183721768
185887304
7646922
9094133
52887486
104053706
2273959
347333376
15307275
1484142
157460275
80163048
56758330
152127061
1102133
19699437
132464174
7903713
85956381
81835058
6228776
84142090
21505878
21912135
20847612
78772673
6020809
91729663
381858
25642591
101898732
28704
73542664
133168681
1456321
85558728
193139337
48505338
225043876
142741730
399576
18761607
226645
135293620
14310197
139368899
602806
238503377
1416425
33538591
3543009
24959542
69299317
151489209
39327354
1048524
66972652
36765099
66207903
1977
327142097
350201056
184231695
20893432
8798476
81434334
174536090
1618856
97535
5752358
71521253
19467506
50968298
19419168
49078000
359676656
310715578
43441050
3390875
222912267
92332239
138580731
17237
32449775
1460926
7297594
6008870
158087515
364334
84696699
9639430
62393878
2122711
32853061
148563730
195421107
15188925
62954389
29161150
179307553
7908006
91388150
23124615
89393519
26234324
143751584
174425599
42501498
2960785
104287551
35693040
315824010
66435
5355181
1516267
261172113
1020828
49496490
52257703
2308785
10452005
34432771
9312897
198539040
283203034
61335683
17138610
54138840
34809659
3945519
299483704
254031795
159189299
3696581
24101620
124006650
19642722
1660082
2222555
4004921
7369030
1518677
228070647
24469766
3939359
49899236
123407536
95792803
93906676
26551349
2042341
305909120
222630992
36626680
4254898
4091581
3165502
1815890
14757031
287968
172768
1285017
108787506
34601880
9819079
17192276
8747122
548158
27338582
12695760
6391992
237097984
41695262
3576515
134276221
79418538
5309318
22380460551668850
231067098
43636845
7050143
30455394
56929474
52837358
11101298
72494369
131649464
30394426
35949232
2471172
21607359
2388853
58834468
260456104
74635044
28406511
1959265
2744
4650742
223913481
10528989
74073865
40095824
310400
53331671
54833213
354690172
185214758
17904896
187562533
10727531
193215546
22108
194185346
75212646
29131560
60946458
53590364
31017683
75404984
52360273
93111632
29638058
7588445
6016755
358317197
449983
18633148
122103242
77532503
269177135
116280537
23016643
23105723
22531089
155949525
136960
6507831
121784752
10941284
7099411
7311102
20756192
336911096
69626481
131973690
227569590
20772630
3235831
376807896
195285968
172411092
29272946
43367131
153575131
305377920
9403345
25532803
165514241
145694458
172643748
91540992
162724728
182904928
59788812
3994692
32333865
3109058
33274716
4637681
63952664
169771082
5867291
219906313
313986430
48584081
291702032
139428694
136783994
62739317
5847642
21351203
146163
84374470
21321592
5554196
3144065
16211653
42208789
14685102
2500635
82217152
188131873
54084783
208974027
14574771
115868595
205081189
3855055
229049868
554297
71295599
173826519
14539630
227857352
93514029
166845468
153679724
16690244
5159786
41453305
330707883
59360241
6116798
9681252
146455415
28511
132443109
1169949
158364781
19529654
146994082
20019016
60994944
29300899
20393558
28801455
24150064
55691454
11256576
15092131
7734855
55637
271692049
35737601
343557278
18664074
101273373
39837048
537049
50504852
5270767
39665767
3466994
117945327
56381267
50485047
153708152
24687974
38823378
59692572
24365010
81281813
64488559
112696670
168926
168763
74826053
7326162
1772429
30705337
29850923
132037351
39297434
18944
20162259
145856881
5912484
18760290
5733933
211044351
137252656
14557162
71121
22046461
2073269
267063789
242199453
32685039
289284323
194074965
238989171
90350236
214398997
2924450
170534947
120667787
47210767
54122891
1863034
79976506
1793673
10421653
88717278
165254860
64716475
64738164
48066606
23799578
2571947
310745321
136958425
28212847
33102472
162867860
1148943
879401
7220080
243815970
8492968
21330
36608520
19335075
74188334
51389027
2288793
135420858
154758043
104293321
374747881
216123960
258598648
61876096
92403534
234923634
44889814
1628512
6513642
107359256
61280994
163785786
3844553
249208195
125751309
36023881
22552622
2232388
282163
346279
144067515
31122801
308837930
43241438
150327393
148008430
8073685
140564247
56155884
50952368
32672120
99846704
27496571
197518325
158618189
3912561
149034340
253449885
6029188
95481181
163583453
190646579
5247598
21734360
195207487
134463060
2814707
3772360
25661855
252450863
53769209
9558661
161324158
8043239
317171189
135178903
334502912135293772
155694393
62317758
31181693
21019496
2524132
60215383
145362633
7055390
22385569
21316875
6277049
354081206
306017503
105251980
2444785
53811809
98764778
88222488
9801018
6185986
8584093
4208016
150645863
15604284
1525914
105204660
5321187
132314744
189574991
310995836
704889
44373035
1317442
12200325
11545234
137585733
5395220
220326749
19346731
27633371
34247299
59172916
160845153
120470941
68276997
57359150
28657629
3341896
65046607
138522040
176822243
61389167
52879917
103351430
41413250
167736355
180889846
72843617
228060315
41495404
50123970
141631423
97420579
245903761
43475156
68773844
8873619
70763170
147758028
82669932
27098042
112817354
23316912
1781103
241277645
5839505
19047859
3942795
10363540
5742544
3736867
17058559
311591929
72930339
17836011
77637506
168580924
38810895
51040718
123046687
58472619
30786945
37779
6604660
43924951
3885440
186566547
247357457
353753188
22515450
1860284
19609378
136770597
13613968
17339773
60096
39457343
96479882
12091164
9528138
241767922
21215618
8089475
338201849
134730228
138806139
74660789
42607277
45848438
93828063
19439900
132986491
36094312
199796
283196412
359439437
250844907
94272738
2774177
90567260
11684417
38543326
208261080
243176767
9877754
877468
171453870
56395053
22493202
20270422
151837986
180969464
78017560
315033
303969973
3190420
31436961
3980356
206530807
286013453
8419012
258397008
328583519
6734352
12376907
1771215
11773103
154634006
210129747
165828550
11851072
141458283
245247915
108566776
109916014
4547035
245478528
351703757
76264666
145917665
37358753
5577894
60239508
195611907
255965459
1231704
54628477
309713147
156690233
18040516
1031655
125354
9870329
312916729
6752065
12183218
86584821
17133419
139281459
2731255
1193472
22440252
73903188
33023321
139714941
17559902
87828162
5559727
12345167
185700496
66966140
53172879
19253207
3840695
102811643
8545658
23090621
42026107
260182422
71098554
352581161
14171956
16436369
131862
201892
39684169
34448759
140797376
9869110
1396998
48589894
59651380
3050779
4892498
221007964
42431872
10427116
19711448
220254411
3695524
47234575
188650859
49043800
10661133
279733283
4305801
235669964
3293962
9537267
3632651
277986190
89351981
396427
80980408
34426377
38236283
51080771
2957552
6850046
8481430
38884162
2516736
114001344
193359479
29787901
90556560
96897225
2984509
1081175
3330967
87503985
170819986
179656123
4079804
139800581
147793548
377105051
102410406
51048128
5248756
7046819
108475171
11551392
38548314
3673607
55647933
861737
32414679
455960
146534171
73890073
4363129
4798352
89933407
110486636
51952534
246440166
151273176
285515857
201275748
1302533
26080664
193424422
46149559
57679
64303396
2671816
53288413
668142578672801
145985969
15835256
144613770
2956224
129114708
82232147
110914058
1716855
2384955
301864037
140277925
17156418
11202786
11854254
7642176
21761967
55599786
56837070
11142103
138621941
239226952
15934699
155228704
227064
52264262
134376885
222323991
172608
5001086
159589523
37364300
203312512
277806422
246493040
140144254
266057826
324825571
233004123
44322250
181363112
8883782
6091389
20825694
175664637
67184818
19436258
94956430
316792753
13377075
256175263
27235349
85021232
23706665
135704622
1289778
23255768
167927688
80544688
2707583
12753422
2666752
267634105
262089847
239252706
198334219
74908458
140302126
13282839
101361217
13600871
132655020
160647187
112951057
5856721
157324280
1512145
226176890
4282134
139701097
187771817
8957681
140965727
172770275
4140713
1186719
1445564
151406300
81536936
6704265
8613457
22465469
982331
133893720
325096257
1920036
153820359
33699236
17392966
85894540
8594276
132349792
69599317
286080768
159378364
337564900
6285454
6040931
224861
2463502
99188285
371352455
81839
282142324
25910002
362905561
298545318
12828764
242053190
3438503
22505868
88308542
4058709
9357533
153529832
175420010
294732721
290924328
31167019
4038771
21356279
10946265
40726648
317640897
156238490
4819032
186666603
9814294
322439773
70684868
12654873
577520
151469090
175952649
1419398
253207923
233783909
94501608
48415060
63888338
64483077
47944472
5460030
25022246
10726729
10568784
134482518
50076887
297333903
376818453
6754583
111115335
227721
14732655
153495917
63908429
145929907
297935937
165883338
139830060
134413364
47591294
135344522
68033824
94929699
4918137
2332096
273076492
105641083
174606336
347139224
197691934
155232405
140687654
2965275
3120764
43723117
11574111
166341490
50508574
69859291
117002633
246383955
21198604
53229386
1759907
81008432
33075266
241363999
17846592
133014866
18073076
68198776
147408787
294656801
3572675
133367583
99498135
134546531
6949428
215313748
3307201
34372778
147750081
255167119
13265866
303279689
5283042
5136632
150896890
8655844
137902218
140275751
178403326
111970609
58759601
10303306
28853519
25515731
355617362
196344253
220191357
156382441
245308047
153166823
2617574
3586006
253614986
424981
41869464
45936843
15584835
205904248
15996002
134984534
14207992
8942
979112
6248811
45578864
208439785
136658018
57033407
47816150
1772988
119164863
7985657
22904935
14156171
2864566
3242412
360379
2718400
4728723
63502516
86908956
48013448
299270579
10288823
30130680
11873118
68964467
190542222
3881848
133071948
176078329
36894552
37599879
55358
5500162
8362989
30687536
5087512
150660231
37131119
206986487
85836163
330123668
95863201
26270081
145730478
54256367
242608110
24355843
39776464
301007001
7596720
81968896
675087829300944
20501289
65806493
91343916
142124813
74242268
139024816
17073403
62161300
48305002
4146499
205090300
18030880
16052717
210607458
155659166
101643896
2374940
19044098
95042039
942220
5175021
172611595
11033324
64060276
181019226
62600703
348140510
178505241
5803589
44649625
343988684
164065329
52035743
1310437
221110231
249159372
344319022
186779815
121657083
10695328
298736065
31200423
175827287
1211885
248381982
637415
131635340
23832082
45742373
100655160
53939858
2482243
322696363
134024589
133333255
1682048
68046723
112391474
286088
138196119
137965197
5861879
19333354
5495015
5027301
87142276
205661993
62014846
249220335
6267040
22789616
13691880
230421478
1617625
53434040
72105110
10080636
11560522
9444211
7994428
49932254
143346673
52519292
341376828
47861447
169528475
90307242
20264907
290465287
367304415
136818880
107754575
180644498
20693961
4415204
98332738
173930660
309427507
299701266
973313
145688281
4584204
44178464
184161595
123192162
33359086
204187311
191839710
3086624
73291069
39182329
31110834
816784
157187497
89412350
6019087
58256085
103222145
173860902
96156995
136350247
163978689
51022763
24416802
13371495
24063787
135835590
178658685
288786303
81871283
62443515
51402635
1584161
38186642
59850376
118337895
168463093
360606495
34320683
27285892
183098380
135474913
78953266
20583728
46271311
145002786
155482827
6563540
90534791
248868290
20650914
2230362
1698834
122937
2028348
4043155
46569957
31581470
25059
1466160
144729734
141337482
150990012
163020307
625566
11163366
354415026
6555870
2670354
11429351
47568367
182730476
163886270
11165042
654844
3653728
16691603
11912922
873205
4075374
10400
13484337
66123344
40219141
101724
262101401
7140174
215663830
12062745
9408183
50625576
4041934
50694861
39292
76338509
18788153
2302943
233854229
13742954
101473333
906109
24960867
21849451
20042425
144156
19322853
32074221
3816702
68997003
4451
32289533
2231094
182107451
18758628
10128081
18750893
35891409
1098125
137723059
81831345
3134006
185714124
8088449
259407875
141346152
14685984
54704686
171182739
162982233
45956699
15659188
113412055
131909017
101237728
3279354
33542649
34908686
138297818
288359955
2316719
86480140
113185678
11325854
3762488
18466051
192697159
11825106
368020
262291865
37595021
78831619
233447175
197304497
18064398
34804457
230932752
248426229
45515503
369256
82456743
8549576
86647733
364654528
2355173
1546550
137244245
11665237
150692
45290504
148010104
67630611
296126250
241889825
180422891
226240217
133686460
160848334
7051293
188240329
2076003
4958741
158435662
7886723
4826105
238042
10152008
36737615
707509
370566488
90397965
163431333
41529311
33551229
22006703
142399717
17841476
565532816969913
9663958
33754143
297681057
32989543
23609063
2743364
81155354
260653
79166445
10449879
25061588
1408416
44453825
54746
10801842
363273060
100632431
154213813
183300439
5949210
184001408
5319109
121215880
5962670
569673
943033
16020553
283812531
154308580
223717921
29430419
52776056
71858978
137419393
46864173
18855724
181503464
122840989
142752839
2183672
146900811
5401902
138503817
2245390
13493727
97290862
3437729
138492712
23421806
15898621
42331333
153735959
19141889
418899
153637986
107924056
2752333
269453137
32585376
71298330
156959783
19409625
1600793
40706711
4748522
304001219
157043738
116379638
3342191
2338437
152499976
220206237
289850889
15751158
8681647
85665182
142863
102833582
93441507
52864557
99363921
51775661
87142911
351546894
89772205
13016289
10664482
149217425
43693350
97405600
4055522
4315338
250718723
10677733
757284
81049379
105635802
96236478
19094016
226651355
155921113
18312011
553148
17857236
8228867
6531304
153212400
229658431
5742472
69545031
68500960
32248366
338083444
2370414
85156085
99966196
14334608
62076689
25030617
64832560
29592715
248659930
68110731
283279644
61431
189849719
6034693
47948587
144055304
10901710
20801
134993170
95101808
2843491
147686303
17841917
3998267
204836409
65835536
203996683
1079842
5899478
182651586
15428862
25053834
112984836
65406914
79656449
1975089
36263590
3793724
365222262
85633684
97492706
173284535
51602869
134962314
17649604
4775287
144920616
73444474
4088055
134699322
144689264
137781129
178893244
7843630
6046106
14087182
132852889
20634472
26352828
26428457
2765444
1991802
49084618
2143117
132630058
26183625
15821236
1827139
94830516
131604493
8600510
132085299
36633960
33521074
195855139
9607005
152536343
164025179
5959234
1871432
32797934
17928060
235251531
89155092
363641358
6920526
65823344
62080286
141661067
21898645
127767925
187814596
32671668
8905884
8396400
121528482
29427677
167923614
30522046
78666556
159900715
30575355
32585955
12037135
63113282
360858668
133576471
2628249
74947324
225264686
117223589
605230
84537494
9196673
21743954
87474448
88745062
45773284
245531882
306781440
53920145
29834522
170419319
168501835
82948811
210387031
6264025
169197402
147583191
49897740
239655746
67572400
62323961
3583689
124817427
585055
61911495
23371703
20580785
21230491
1478321
36030502
416583
51919603
41877461
16679474
254100925
10656038
299551418
2551004
5407391
89217438
65345256
316729664
30300263
4762952
155478321
169096856
160820171
22123723
4137494
2728366
1991581
11915106
3719907
11833660
3014337
94856445
137081296
195024340
54063569
215836753
70654349
48325757
23943686
331299370
2158161
2192868
5700079
2435175
901688
4567284
162440659
228357546
21826282
19583865235858576
139640240
663439
364750920
1566
151767352
50516184
6455675
6684189
5729035
12242839
45910251
317589147
5552059
214595495
771485
7301394
38776279
480331
68388783
46358744
133675170
88886637
15548664
56453171
21836479
2866424
3861337
282194081
4175096
144149642
39588919
121382890
125441367
9033295
59322106
2738297
154396377
248407478
19093361
115188629
71269232
330753671
1664465
92960728
12588979
2495409
69818509
52045714
1344384
7586457
204004033
16607833
94113331
26411932
50509145
10219832
18316890
8752125
50027169
347789147
155431043
259533699
55450601
376891949
53085868
288408902
49703453
3367775
53154734
34434774
908054
19395103
4833892
11208997
8074368
286393333
27170375
85700886
9801079
5307516
1551102
94201133
9415404
141023061
21598151
7560
18401978
286019711
157713148
129993623
33718939
430169
207860402
14052694
28222239
247602901
4065315
183953987
26624082
49035676
10693874
92686357
115510857
206565253
52032025
209611921
12303996
15596941
209599196
12674696
17771088
3100554
70074553
10352863
52824208
32080585
22904422
165289559
10565557
57711247
77036363
15124155
13745687
62352166
192630945
335580791
27264643
38339
2867616
18250117
202643038
187106084
38872125
19039865
1330522
155592197
985230
9764014
102460782
240236068
632894
714948
68283357
1510310
31216025
18227116
202448878
10250366
38514185
139789390
3931661
7653836
19576134
15024573
207466003
144830007
25221373
60899
37683941
3425258
331312565
210715805
23335020
335242178
135761631
8868061
277001243
7972395
338692633
19817712
20379122
74875918
7154968
1349718
18118048
322084073
11948764
102116493
89840360
89950821
21518387
68487654
2646675
12839064
197115636
150058841
152267914
24866202
205131655
39553902
49834097
39728207
191262
120409894
68023068
10478902
28703150
35580208
217572228
12915060
21204506
2476479
29912423
63341028
122840858
27436319
74058522
11887330
7584644
220129107
27089659
154546067
23124983
165553007
115951902
279887992
323917250
185200320
250449267
2031210
131825924
253688980
105102975
33179813
27308058
91081824
86322577
160841995
10589086
42841764
24476720
19008985
35533610
101573965
278591064
91806
2290120
17244555
47289320
671113
284296101
271944392
7044708
197943648
9495621
4105667
48063365
253600959
3536147
63114301
240055
14051251
265758247
9820812
60679408
1645519
16073907
9090986
264348767
38461977
11429093
70393546
136564996
142149319
1643513
10515416
89749549
9299152
136951492
2255505
48404914
226739586
8337135
412255
99744213
111292207
46042874
197076289
74528
324576252
20188084
50998323
180834024
193207461
55946725
11852127
5804012
163224777
22469378
4249
310972940
356406923
201122045
10540213
65300898
28587328
97166395
6517350
3651611136713077
25284844
158292200
3051822
73698211
3358611
2546177
150349074
52284854
2832456
269782981
205483081
153810775
92748062
18347715
7263770
208357279
139315271
84550676
39674545
51428530
166578581
79099381
138664164
167457654
8352492
14479362
24227167
30202770
2534147
138866648
1973544
6731016
293785251
3577763
222561154
1753645
163128795
28076098
18273708
75605042
113781841
25052301
315314238
131430438
37648238
1637396
327450312
11321093
377388272
8169158
117796075
118170161
6223730
6923730
33082321
74427935
138432018
64943120
899278
134019570
39810417
72913459
165206712
163208204
98893634
309889178
31394987
252771553
97728144
35812
187107756
295373240
58517888
2036224
6176301
134049252
17975573
29474656
143958531
50660368
328590459
152870646
200335415
140651066
72308225
4602398
137181884
145064217
294453316
306033079
2183014
49842893
25129142
239633435
265816079
3953493
5126674
327145764
138888230
2867199
62668045
141140891
10216425
143052858
12871556
305097609
45474776
42652867
7539306
1585802
113411342
38762466
1224690
213910840
10394733
16341035
162466792
222122761
23928218
17398973
3458050
24393345
348750041
221459173
74826559
12040965
36438947
1419386
184495987
33527533
2218943
300986249
2910329
58245011
209405733
36461504
3504624
4641904
21257347
8485875
10501281
55605060
3598423
4830723
88026118
282151229
31129333
3775313
27803356
1491959
8034321
42065492
193306861
360166099
9039907
8537032
13848306
10065781
28051086
351479323
360535725
5882577
6129163
175892832
15312273
86134027
166824722
61450446
70905
8158036
26128834
55431319
10182312
24424329
15058096
58418412
4145059
1346805
288204055
137176160
218608010
29532980
256130825
24261250
1422039
50966918
365257852
174890862
49099018
14471060
138788250
52982658
23037503
93194228
44530503
471859
95229
51612281
14952825
37529964
95484901
52359157
2897714
150859185
92798936
15594875
8165937
7121144
46945355
113133055
2501144
291954947
6398487
51775977
24867016
120104832
334400488
46080240
24919492
185902948
22719307
61227
71495781
204926734
135981941
244866910
50174301
9557325
305372977
20655246
19202227
68838482
3950961
6964980
79682190
97277226
18076485
208515998
144063091
23059440
36289191
315982927
64283747
146261245
1371184
347105974
55684291
154406101
17851789
295346868
236378760
165104704
91880
442437
22760155
6209743
96714377
23313508
10721216
2669196
11571177
6382279
36716844
113414385
6235763
221696320
25883068
18355754
362776686
20464993
349428997
17231988
267767676
9334152
9569900
269238564
1818077
144382579
127371817
132681782
237943070
205156897
144839246
239092686
7363718
45433770
116015697
55592862
91307911
113799876
279454160
88764046
3092951
10904092
331628981
225200767
56723295
23502390125410584
182041496
9583
41858806
35454656
28876691
150435424
303908802
260342151
186627323
4710093
197344928
20642187
243884353
63065960
20397256
2922901
15283009
138653052
37128593
5934609
187023976
102207826
28467578
20686062
124138536
63383193
62864898
230669626
348271448
26889602
263176335
26750722
1434693
19529550
367450895
27254793
54622014
29773375
6707708
76989020
133754238
65341585
203677156
252726959
6209337
95540868
52009447
31440917
34486942
23054285
76618862
2110940
3893313
82806727
155629698
145521334
75786588
13373622
298801
182846078
2469289
5923974
19531725
394180
102519515
3257946
254183701
10758280
29036447
28717354
28599085
4576245
294824627
275600683
132157081
33289147
1312818
1706280
18096501
12850040
151153530
12789941
320428
245560328
4205556
298790824
37401602
14819413
200106588
58220308
269464500
60226799
869859
127427185
1896625
316556593
4930608
95457622
17317292
3605911
140983667
26119225
145949457
280723527
305067402
293368473
13356049
138804908
26045949
2178745
124357113
9620212
23823521
169703168
282114879
4443407
160483396
144903544
50922529
197288773
134876071
215172891
179013575
11974177
48493156
100530860
101143147
66716476
2356515
67269406
136042573
8058208
147279351
171831416
25496617
10577529
1642568
578318
138353684
12355553
27792242
201825640
133331851
61314724
849095
211498746
144533316
84954081
7089539
5673816
79173408
54836582
234201222
156879883
100272157
9086928
12871712
3316751
138230614
45174809
8166754
4461293
5108905
58153787
229372368
41468757
158017086
367845631
33243186
9470294
21904735
134112416
249591281
167867697
584574
192500493
57039355
320159
26077520
6571798
153464769
23938691
126474486
125629151
151141825
1274771
156466903
62186169
86435728
704770
8994901
7966208
20244731
12381737
231652148
8907802
146202926
101582598
21741931
2224489
140288136
33582660
36525671
225636017
97515452
72218018
142471681
10285355
8195569
30634326
99442829
1248779
332823347
84777071
150154677
32846153
29737685
58998333
22505754
122477029
24628114
253999422
134474682
225204159
250620065
238911027
138485486
34230076
37280764
1245104
37329808
41960697
5731751
354595837
7432555
214722351
57091066
1100692
3107993
51543986
6392773
138046495
52109123
103509340
368263
19303673
191435933
44836317
191353552
332943475
8918853
2568001
154066265
197522928
77779196
165248848
138711042
21745922
210536814
4063283
140591605
48546567
358274812
180521723
6227849
237313184
55786403
5541306
15089608
1780127
20215981
73918626
21369930
270326569
152443338
1937815
31326599
153005
82812275
143449089
361578645
102166848
157055603
33550536
152098940
52515568
4728034
77540364
5763355
51257476
260430299
24807574
337121961
52141249
161822105
28124436
343056590
30806433
2773941126255003
28407833
250052090
256001660
139526357
2070656
29918901
155110224
52550330
13280185
270909386
464021
3585950
50171215
2520728
110106122
5342820
734618
224802584
2492668
100315407
10250105
55337941
49754872
31098369
329510841
268946526
13971736
227835397
109367698
21844873
213651568
135350691
1734236
6285048
93678644
120735182
89623588
39272574
60375257
147011437
36415265
35634806
120972429
32428452
287373357
27287066
634326
32446019
2747851
16007330
66369916
16415668
296055699
173836452
3788387
339507912
9371860
186975336
7549648
187682544
156415787
2888512
8436620
822395
120097045
1049755
52111057
4377576
2242541
3341557
17019967
5595766
166708709
300436469
5588568
350812708
173829106
51231243
2943360
10092251
160055627
18353030
226741382
454046
1625572
16825671
66680017
147785438
37750834
52513364
2756664
28417370
90721020
562603
18728595
12737911
2496197
17389178
61672475
1889386
326189170
74573466
6266394
9578045
49470494
322337770
4743573
7718612
2388740
218353527
182196442
5375978
203390433
76355555
53358134
573780
1667948
138928159
1165733
277910790
1838753
923063
195041084
141096730
178602217
70693657
288241963
89743035
22111315
84150422
678035
92402110
294277425
159141712
977271
9611753
183236351
2943604
109813310
138579324
10933364
87740439
5420682
1891976
214940716
133411735
13987427
12399391
2409252
99355929
95064170
29310239
89755335
2621644
81172912
143885446
68311266
14102115
12883715
221928490
6437685
28870581
92945626
61884518
30714741
9256525
62572556
142654701
32247
366400543
3963078
304128503
345236457
77244432
9813147
70884960
39604500
7689413
112702284
84776193
169380554
3304639
16490961
18042618
35732161
55427763
137320128
34309637
910617
2434763
13368142
7744064
154096583
347877758
2011274
35710
68796568
132655819
8744155
4282151
208937435
352853479
35087678
24396974
9243000
19725743
142003402
15307123
70106446
4045110
37756654
239164123
24114302
223839752
57918812
138963903
11873702
6646188
169651594
141216280
103940401
22361176
134865665
705398
15400926
16851132
104759005
322924045
9926901
24771852
278282410
22719714
33834911
73148473
17723001
101817426
4794174
11272989
159056758
48561610
62161158
133891693
35981932
13566336
284171118
190582505
3250274
52054525
50567172
9414683
252394100
167906542
154510753
31711576
65673939
37198884
27392877
90808999
6581442
368536723
45326346
97499953
50571547
12717294
247788156
19221739
41691128
26803303
143555700
138783363
97437022
37894072
30143235
162873188
107097485
124240168
27849017
133419419
10390938
32494596
50491339
21160771
325311467
223376204
145534806
44554608
157042322
24067392
6637908
202078650
261006958
9193192
25234049
297480225
18515536
361585717
102233423
76725334092735
389305
153765860
1723922
219008258
348770509
246154996
175959067
137612
277374685
139357580
52865228
26668111
41897665
42512159
95399171
353473772
263214731
154396324
7682615
34720732
160905176
38184756
6948339
48413924
27363180
3110943
317011662
52203423
154566118
24452358
50029265
2904976
21373462
86089740
175779501
147101975
217015085
205925089
18518616
43561744
2318645
170924439
25403452
204377932
15945031
32420695
59806470
338238298
57017070
65008836
83800555
32634904
285913556
42521338
17517146
7603587
178648938
240736065
9785254
179865902
3087606
552088
152165831
206879222
219339818
1852977
6736489
7904392
3861288
120491356
294156430
3108614
222964837
333319327
11447163
126324085
344306435
13528090
11090309
4086208
48254671
4867013
6285626
313470453
21644812
37654664
203465970
218648690
21193294
55450290
3423752
176800386
284633722
59557439
3707109
152571077
11099732
30473644
133137888
18071397
61800203
133943724
178136899
159451887
6921390
140390402
26437558
143619047
71677920
51817948
230860090
7468623
26589380
3325180
11994338
28457176
331054394
108725457
291524583
913749
144000321
2934137
182235823
79883796
195447213
542660
22706082
55415302
199856560
20518331
5027505
230646374
2554746
263374350
221794858
24589913
86400011
28562308
96250551
31756677
126010423
18577205
174235083
2743066
74365142
120949193
262849
205994446
90828326
37910252
35048271
10372617
151273373
24425478
155134149
2798287
14792483
16938245
351104323
243720940
5091400
156217736
190945097
21050689
62209663
9089151
12892664
15832508
32135899
15710196
13718144
259153989
94949222
1151531
138117926
3195899
1550918
1310092
2846329
1079568
6258585
258293741
893848
235645293
189479363
9334559
137204258
39844014
63916502
31806922
159016768
150677258
11294883
1984600
18758367
35523390
139408355
206606169
44739866
120395745
26363034
133340603
69408617
293582883
107216255
223210649
14065996
127801
42749337
17236598
245202675
6511809
77437524
6198766
56091910
11053290
2293116
37664643
68335453
247548674
230028689
586294
41375148
10490020
11270396
17857439
2164623
33464020
203973156
360519428
22337110
49571357
141497511
46887085
139058408
246931209
34666545
234984335
154146859
195590770
22565110
14185522
292051764
162356845
2789201
123513261
17825911
142064972
70137654
362790511
180075104
994883
166492417
116745563
23799259
142905570
30494189
8205646
328673566
48720255
19696932
5570567
35293
280693639
152567216
33509169
83273600
27358612
198046955
21585576
252456132
21897209
158220715
306790175
4092812
1210278
14394484
46301529
9126051
806064
55550284
154709259
50939919
11372282
314834898
5541818
82721259
144983051
218414223
173966333
71839914
563306
77276117
1647379
142294805
10168838
8590546331876192
1313477
74049551
7891513
70142199
50511071
4491135
45450730
358171457
12193170
157780103
85785589
294089718
1200047
10080403
71907048
73275240
185825868
953512
151147165
57084685
276563
21480677
32089231
74856691
446360
12833893
7889396
3629911
21172897
31162826
323213308
60394945
1825385
26519369
186532487
21084312
9183181
126743106
251237621
97683559
10910322
27035749
226451040
26303717
69488059
319121815
159501474
5536537
118354584
24489465
163685987
50888208
131977467
71095966
61626470
92059821
54892716
5877636
169811576
133678329
5532239
14273151
27841279
132590846
105040636
50815049
84659298
29738574
131946
86672240
63378877
3962484
306681640
204837980
5864509
28963635
56395702
18192677
73388036
225071431
7658046
821926
209109094
13167140
19237840
12325024
37269813
140423864
201738365
90713514
369615832
224621919
39218579
2296035
28563273
142630428
133060607
156120656
84645629
30059467
335213010
158358574
7801359
31237637
8967554
75634329
393955
112275536
85346256
19032239
346331424
119189556
10354735
3329278
12094637
264437845
56731684
136635700
12371682
49285239
121063831
30915562
355109294
58388081
209726791
152894383
152283351
244092644
337431862
14547635
3948714
156249973
159772816
162486798
33872679
4605764
213658283
85496420
5644946
99697976
138360919
3547917
3600860
8089810
5680606
417662
11509897
349445218
1601517
6043628
371505010
20083201
123665164
32520283
233718079
84199894
21346425
63052688
4412875
210837
2123334
109430
185010
5331871
133387649
28420213
20321356
121816787
96634935
42471058
16831695
48487427
21599718
832994
224958379
197300657
14710776
49600351
340519491
20073502
64755515
26929019
9021339
19402135
44109888
123283687
19588908
142033977
156319483
87835955
37658166
34656
261464034
7317797
24133450
148194180
34646458
1079882
247625006
13331907
266694598
11080961
29577724
2278899
18354485
121718040
142878329
34274310
344247116
143549139
25782742
34526896
1647252
49705522
3318802
3453771
28046964
23355131
50757794
42288144
231869998
58315936
358200512
34807448
11893700
73878654
25763092
94768229
314179269
631103
54947880
87443582
54253122
103846697
190392553
224168288
8035355
10107417
36384765
121426607
4575758
223297110
94895
11167905
143878
252800543
146797053
14034616
163542614
92536077
84761636
310862402
3002092
185799405
270119113
4415278
23405563
21421227
6202434
291749028
335151361
131579751
93163114
21545374
82146680
276969979
2833411
265095828
434562
24484290
4750352
356190
1899353
156114745
48719426
225602187
119560147
3656964
219198106
1958073
325647346
69493900
28869087
112421351
187487852
222217839
119300598
1892382
78981839
18324538
20691626
262499227
2179575
5276378
35106425
5523687
22931096
1556264928462959
18117198
344608297
254801529
281639121
328583902
3313994
22768995
1968234
277506841
411154
10139116
90871963
12542266
104426411
120428167
7019716
100315607
2338446
109556818
1700245
93159581
48540201
7553175
56132473
39557803
3110599
35224953
66665391
23300499
136433600
26253280
51499008
28882844
25514193
735111
322998766
5011111
56220919
5676259
328445377
85798666
6039146
303966872
12185439
120785
2007537
217795878
94729067
2917411
13383964
12342579
14209722
9190167
4294444
57074
93619842
115163838
42155425
230781087
3014375
283824
119577486
322533524
29475427
6728108
108805755
33120215
2305320
171204776
1402014
91956766
275277367
115182557
26896880
300034
18162900
154359555
24036513
88118148
57792880
7220231
20264613
126114038
21673108
360049492
133448759
56845195
8173534
2347426
40742044
58654
459235
153456321
20646764
123906630
10496
73418118
2410400
53392083
2172560
262370911
39845103
139069255
75450262
2193703
1217917
309901888
160144134
1386312
14197664
184532960
63289685
173076809
26893295
80647419
2556963
2831024
28669554
84211786
202287342
111072256
20346966
224266138
167490871
34768046
32236813
18748741
1394147
2527938
116614749
147888213
116648746
161297150
13037513
3474881
18730561
147583346
337035890
19410366
60676420
22213435
292835614
64678874
119827420
13241157
26033062
191416
7267188
5542497
23383987
141859486
2337324
164888568
4332688
177661385
19649412
104774553
1404905
114486765
793603
49475839
251458265
131951996
2254772
4204844
139879
3271708
279657160
123295485
74278363
13892785
9125772
21725562
2408766
44116885
9125480
44575602
12063830
171298468
113619744
148156707
62113259
12440685
50035334
220508178
25715697
49290796
157640090
234649772
931035
773240
93881375
9931356
311707132
48079545
17920878
10242947
49450265
151451483
265779966
97019928
2861074
49798947
32231482
169092695
11287416
147615285
19914905
29328510
2310988
5272924
12810717
10225024
231849701
36836326
132163749
188037921
6588744
244528504
77167234
53784786
137470371
146650096
129046943
21699691
10873351
12088640
24386511
119045372
54711295
11544133
43319611
139600734
123078609
137697161
51544953
159100896
9423690
217012804
5024304
85777750
98030939
22045426
5865575
350291045
16958466
60810164
241611913
16304772
151029746
65969906
2793001
72912001
7184565
25108588
21583266
46780086
12932221
333552182
169040250
204521443
308755504
88675077
25605035
78221465
52078621
87803960
3510634
314976620
319479828
150819613
32350601
257263719
121103377
176942039
47063
1818716
64646785
69025229
149034456
44928221
85809879
1034657
39647975
11905247
38863924
3380404
291893459
20680539
8275901
147889020
4328557
207792969
145627487
134033694
28046640
4888056
51184409
191758712154675765
5018720
7919210
343276686
2936994
9473263
1399982
358378525
21541873
30345461
133229069
19252135
30822280
10722369
75538398
16903310
61481218
139108517
23055309
220726842
196409068
24690430
99728223
42324798
69371148
1840275
41724564
37242455
27715192
21382978
146662661
24118434
2432344
137974515
277372361
8502745
138311537
133055216
83202813
164921975
5804550
2830658
11551319
103813916
68261
298202278
315436162
9751585
1154706
135903379
233990834
151003266
124414472
454355
4448022
66134314
8486195
39918323
173295740
31073238
311630853
131759151
90910375
312127518
57123791
45581964
61221194
229791057
3824375
719312
145305034
27150163
182944830
57160376
354446642
232781159
64764303
20369964
20660928
105849553
1546
4233040
248919706
5024998
20135250
9181396
771810
19637403
49965
179332112
1947775
209950521
30737718
276378869
6725187
88735429
425134
41277264
21778498
149092645
162764435
34701898
1373720
134272555
16490693
161743
148045570
88783767
158376509
5371127
6563592
40294783
15953411
257028617
165360756
177688468
281782228
7598877
4603774
51400275
162828395
22901598
6700452
169847596
212957555
137768991
125833998
103149264
1995259
235466407
61723059
71294529
2836770
57691335
164921360
18871811
389910
65619028
2964643
79139475
77603081
138240345
18660032
650988
124042817
331245417
38943685
188384133
274503653
19212249
34711173
36192065
89702844
248454
8625
15879298
195274036
59206619
21735590
13669213
2807636
145048076
45850535
1636985
304959214
63270313
9846155
734029
18727771
43796480
96119932
158962120
59929307
1316104
41543840
207350558
4106334
264709136
196207651
6798840
253570515
52868393
281651672
154000816
180716129
139008957
12201335
256983553
21749816
19096272
251106792
96777578
10376707
140796550
114100
23541795
10292767
62699678
290688837
8012969
1407894
13775782
272444037
39593529
206715710
147729066
3022542
21665044
48407799
210622009
172397551
14876619
260509479
1872631
3496464
44067090
36540507
12599092
33212971
29241495
5524898
137654043
1185558
28707543
103056160
19208780
45473016
3264834
9396654
51398182
11652010
26122778
70673957
80223472
102666967
171701044
137791029
153922516
4503021
64500334
11992763
157170770
144212758
11259563
555283
38389947
159229314
135743545
146468797
468934
1679601
85148679
20212926
38159003
53652958
3014587
111416568
6007756
144295587
722708
283413190
4174686
17232594
33048807
12289172
386747
6325804
11092070
92769864
276842836
16255237
3512227
89104255
54967003
109567
210912073
290431859
230816072
145652806
6576066
13318911
2810045
13569675
19216745
2883750
1083267
3727
339173324
150983702
148009844
154639910
13678697
287239689
25453917
38560866
114458888
18732651
60317543
133689323
948577139932118
84634067
276584806
10163413
98365127
4174333
15416810
292563244
95214114
221976871
13055518
19034452
238770762
284660624
302465244
104761839
19097450
182775211
313504943
1928082
426816
355693941
249451152
3916948
15553809
3059257
462910
44594
138046058
73388976
6695181
176556546
43908382
23383099
143412220
86009209
91467011
4366027
11143067
12371139
45979768
119548790
21625663
52436699
145563377
112644255
2643111
94306373
241697634
281555
52462863
18224354
172199745
132822913
2097257
1160375
6645679
160659026
175201817
17307300
11554323
1812468
162248738
5291693
219775670
18654790
691455
41729499
13870567
78473338
15657831
15663658
90208332
42839773
102001175
68332522
1842059
226124686
5090926
32588791
3916867
2617702
5377830
24931514
28765152
147445128
70098698
82288959
29659613
247784683
58406218
160665199
27112501
19134916
726402
171638882
95658950
62706931
12698854
42747834
30125482
5260618
24877871
6560549
1103531
27472888
11723213
34121236
299494543
159575480
85512949
19697555
58470334
144779562
73995482
1459055
219415750
196596102
50034594
276377949
107917641
75283474
1195811
96548262
2506229
45592839
153897335
37464998
52114035
37377384
38220041
15716004
347184793
12453352
300859328
170852382
196145757
78356117
1717390
143338997
7152796
21598486
2502111
10710789
2780324
8732586
308572126
36878998
1758828
52698135
164737059
316702934
4861977
166623932
271086822
310871499
6135360
5790421
3615201
2255738
2874734
12627762
8205097
45525963
7484555
133910968
17258842
13615098
63328578
7712555
264286804
257562058
133723066
39596603
135422115
18943551
351061
63315532
34416758
232276
3245971
155434616
1942880
59155294
18152057
3916679
305067206
3612031
13321483
24231352
35857145
146420047
321106252
160233771
119188636
141974019
145492506
54696270
75711165
244860418
80274621
629347
30491231
176075914
2867224
128951872
6513634
144074600
94493827
2677281
4000586
3596824
142308490
1729942
30696070
49445645
5182885
59743686
6233322
113261334
56537340
2372543
99381916
18201818
60674603
8886600
6265761
245952256
25791049
33163599
123118170
4681774
263661
401473
258502
59382
375585142
8042622
162884344
57855239
1519230
206536017
2998820
330754158
12883138
11967374
194459741
150381118
94976054
21662984
12925266
317999536
75149
141633862
53095906
148949102
1352877
17713235
126116176
1733730
68002243
29840886
358772065
1495988
283337229
272118885
184375603
280424707
33146112
11650091
53444116
60914528
312898930
12436156
147658452
230292757
177962521
93882975
9044024
346929538
3227526
198473366
30726503
2717643
11187161
39332760
132818945
76207051
3393127
110326119
9305139
59016228
3387504
85225048
248707302
6801574
25807912
166246907191937501
255997134
103512184
5053490
222304693
192863772
261124098
1389348
7570418
7143408
138579282
154229456
50572213
40048351
1114335
142401961
3156729
3039872
89191498
362181661
7536016
28715864
369171615
55331039
34705601
34442309
6020796
91645054
1864614
547379
19014241
13111688
3337511
143601269
16312212
133145837
44782608
2898935
43524733
207091722
339872457
53903395
60049020
203935275
331726973
92626780
36596861
305719130
4211937
48408
1479891
276728355
3619511
10447843
31120714
1995027
332530610
164937500
369240381
8987803
9309016
12835708
43686812
8615034
162755795
1885647
36354543
4244408
6894574
183335642
185097547
26163464
295983144
8674302
54589448
134476376
21121034
138155640
23359269
192867986
139862651
46559299
2611275
26973942
51065173
7850144
240218957
111968
90626641
189503
304034918
154252896
91933310
4390716
133931403
13130605
13142000
3496605
351667899
216806161
324234838
3331981
146717187
4934445
274582485
62376640
54869861
4160292
102796416
17042347
3929850
33068598
28501219
5425036
15729710
125274079
4165405
485855
317976795
145020810
195457998
2517081
68620339
714552
141499008
83280489
19118369
21575745
789002
33876571
143805189
16650820
195112733
11296137
179959808
2339161
182749527
6214385
2582470
90707261
49289099
82209808
5484300
33825823
310563902
2650548
58855668
108475421
16751321
133243423
14926444
52399023
149174206
2302500
23861237
273089844
5741035
20866939
52559407
142562627
21585399
1702110
1403730
115913525
32899037
67492453
1550291
4824183
19479557
239823171
79549140
5294309
84152141
144385984
139119233
4237537
251742648
24475459
2407579
65168756
186910587
2781077
31746917
218710696
691875
168188287
136709061
45256491
22893
150265866
50843583
194761945
15387301
84354903
215761408
882275
312967705
163402016
231437288
34775351
1122830
159684003
48905877
12194852
308365172
136750082
5335050
223484306
300437649
6193940
11877135
79216535
2246067
252242076
298529864
3093224
30560131
39198241
178459703
12132605
92405157
122346839
36248828
15605878
72697551
146198084
37680956
1006013
306175883
11849823
204221016
7295169
52487210
14124206
147163794
52241793
695126
4325253
11837487
6286835
21029943
113605104
4245298
134813296
372988486
35425955
201448110
21221915
1135202
201108856
1737043
105307621
59744643
37416467
210744
148409841
367425509
3917604
34686706
247252270
1474609
227031700
5728878
70963
141812918
147575
197908178
277301900
249270603
70873408
308811220
15316215
24964056
131839695
153108113
22269646
2441038
201976999
88671455
4139426
36785965
32302276
11945471
162517357
358373770
215128076
829022
3962774
5329083
4817307
23777300
98558410
93122845
177083249
40411662
2031224
343770940
18761119
103552611399145
207027890
303178907
43361973
3897288
2111018
167603583
18809434
3854990
79990391
21715756
71042964
155750852
21740916
18807528
7089520
74237456
10237680
50952172
46776461
50754199
145397300
188474696
4029573
33691942
6577854
28363243
245267381
7050753
197314321
14789463
7952120
1148436
209143011
28524564
66933656
9230462
4372711
152578714
185785410
292908269
24616387
140515982
3821352
68064642
29461972
862561
19374416
106913678
86727108
5096348
119261765
862743
145336195
157509325
4143918
148330116
2931959
183849975
24106773
64764
307172487
8555548
22747181
600148
10383437
85842069
107661387
8427529
66477662
826883
55181003
74575981
328148893
1707026
287610993
120475506
1632067
105778882
3163694
5680022
173063799
28930726
17227749
64628390
28430584
308461926
184262823
2434903
213154420
1862629
5124273
16558969
140732672
11212065
5366851
182634398
15571405
900685
138288188
20803647
264091816
200590549
145692461
43634691
242577415
5190861
3682844
311308250
7864156
211156143
20532392
133960197
143052655
121608900
8773432
77534619
29525619
24304368
56376701
278498144
14508432
43900
267003662
305333237
95309928
4157014
122543406
309783165
334789800
46868389
2994374
20807010
1618067
38188482
237779736
16777403
301388183
1727322
156650994
935547
9347718
31223872
23796362
145175596
10338422
137907077
6813943
52889191
4049357
11484390
145047701
6254121
111862108
147150180
30549933
7195545
179310357
4001682
4805851
98141128
27070440
51956598
17344555
20073834
63159670
172810103
8020152
965696
37655842
148291809
1249167
74500024
32280031
49505331
19189093
139443665
12100253
4257438
978235
3115842
180148765
5801998
8798265
29713016
287310470
66646644
338339849
3600821
112947237
6310677
77500192
9317966
33939314
17742262
1455509
271537511
10179514
172390487
132270567
456719
3270691
51112900
265771
45266863
94337954
308637394
222225645
319134012
6264945
153222452
6580783
4166844
137298225
359808118
137373652
375004940
896341
181678068
1040988
216376
280307029
32089542
34258735
68105622
91660305
63063084
86111513
94812758
78238309
314589017
8021560
99057456
229393224
353818495
2740326
90653264
48432688
7351967
217540928
113709100
1839291
99678770
138234852
222393380
90222774
117465557